468.0 146.0 466.0 188.0 428.0 186.0 456.0 230.0 512.0 220.0 504.0 190.0 550.0 226.0 538.0 264.0 456.0 308.0 400.0 372.0 386.0 452.0 514.0 304.0 576.0 372.0 588.0 454.0 460.0 140.0 474.0 140.0 442.0 146.0 482.0 146.0
476.0 144.0 468.0 186.0 430.0 184.0 444.0 230.0 498.0 214.0 504.0 188.0 550.0 230.0 534.0 272.0 458.0 308.0 402.0 374.0 386.0 452.0 516.0 304.0 576.0 372.0 584.0 452.0 466.0 136.0 480.0 138.0 446.0 144.0 482.0 146.0
476.0 144.0 468.0 186.0 430.0 184.0 444.0 230.0 498.0 214.0 504.0 188.0 550.0 230.0 534.0 272.0 458.0 308.0 402.0 374.0 386.0 452.0 516.0 304.0 576.0 372.0 584.0 452.0 466.0 136.0 480.0 138.0 446.0 144.0 482.0 146.0
476.0 144.0 468.0 186.0 430.0 184.0 444.0 230.0 498.0 214.0 504.0 188.0 550.0 230.0 534.0 266.0 458.0 308.0 402.0 374.0 386.0 452.0 516.0 304.0 576.0 372.0 584.0 452.0 466.0 136.0 480.0 138.0 446.0 144.0 482.0 146.0
482.0 138.0 472.0 182.0 434.0 180.0 426.0 226.0 482.0 214.0 512.0 184.0 554.0 230.0 534.0 266.0 458.0 306.0 408.0 374.0 386.0 452.0 516.0 300.0 576.0 370.0 576.0 452.0 474.0 132.0 488.0 132.0 452.0 138.0 482.0 146.0
484.0 138.0 472.0 182.0 434.0 180.0 426.0 224.0 482.0 214.0 512.0 184.0 554.0 230.0 534.0 266.0 458.0 304.0 408.0 374.0 386.0 452.0 516.0 300.0 576.0 368.0 576.0 452.0 474.0 132.0 488.0 132.0 452.0 138.0 482.0 146.0
492.0 132.0 478.0 174.0 442.0 172.0 414.0 216.0 460.0 212.0 516.0 176.0 556.0 224.0 536.0 262.0 464.0 298.0 416.0 372.0 388.0 448.0 520.0 294.0 576.0 368.0 564.0 450.0 482.0 126.0 494.0 126.0 460.0 132.0 482.0 146.0
492.0 132.0 478.0 174.0 442.0 172.0 414.0 216.0 460.0 212.0 516.0 176.0 556.0 224.0 536.0 262.0 464.0 298.0 416.0 372.0 388.0 448.0 522.0 292.0 576.0 368.0 564.0 450.0 482.0 126.0 496.0 126.0 460.0 132.0 482.0 146.0
502.0 124.0 488.0 168.0 450.0 168.0 406.0 206.0 442.0 208.0 526.0 168.0 562.0 218.0 540.0 260.0 470.0 288.0 426.0 364.0 390.0 442.0 526.0 286.0 574.0 366.0 562.0 448.0 492.0 118.0 504.0 116.0 468.0 124.0 482.0 146.0
502.0 124.0 488.0 168.0 450.0 166.0 404.0 206.0 442.0 208.0 526.0 168.0 562.0 218.0 540.0 260.0 472.0 288.0 426.0 362.0 390.0 442.0 526.0 284.0 574.0 366.0 562.0 448.0 492.0 118.0 504.0 116.0 468.0 124.0 0.0 0.0
510.0 118.0 492.0 162.0 454.0 162.0 404.0 198.0 436.0 208.0 532.0 162.0 566.0 212.0 544.0 254.0 476.0 282.0 432.0 356.0 404.0 438.0 530.0 282.0 572.0 366.0 562.0 448.0 502.0 110.0 512.0 112.0 478.0 116.0 0.0 0.0
510.0 118.0 494.0 162.0 454.0 162.0 404.0 196.0 436.0 208.0 534.0 162.0 566.0 212.0 544.0 254.0 476.0 282.0 432.0 356.0 404.0 438.0 530.0 282.0 572.0 366.0 562.0 448.0 502.0 110.0 512.0 112.0 478.0 116.0 0.0 0.0
510.0 118.0 494.0 162.0 454.0 162.0 404.0 196.0 436.0 208.0 534.0 162.0 566.0 212.0 544.0 254.0 476.0 282.0 432.0 354.0 404.0 438.0 530.0 282.0 572.0 366.0 562.0 448.0 502.0 110.0 512.0 112.0 478.0 116.0 0.0 0.0
520.0 114.0 502.0 158.0 460.0 156.0 404.0 190.0 436.0 210.0 542.0 158.0 572.0 208.0 550.0 250.0 480.0 278.0 438.0 350.0 426.0 438.0 534.0 278.0 570.0 366.0 562.0 450.0 510.0 106.0 522.0 106.0 486.0 112.0 0.0 0.0
520.0 114.0 502.0 158.0 460.0 156.0 404.0 188.0 436.0 210.0 542.0 158.0 572.0 208.0 550.0 250.0 480.0 278.0 438.0 350.0 426.0 438.0 534.0 278.0 570.0 366.0 562.0 450.0 510.0 106.0 522.0 106.0 486.0 112.0 0.0 0.0
520.0 114.0 502.0 158.0 460.0 156.0 404.0 188.0 436.0 210.0 542.0 158.0 572.0 208.0 550.0 248.0 480.0 278.0 438.0 350.0 426.0 438.0 534.0 278.0 570.0 366.0 562.0 450.0 510.0 106.0 522.0 106.0 486.0 112.0 0.0 0.0
526.0 112.0 506.0 156.0 466.0 154.0 406.0 184.0 436.0 214.0 548.0 156.0 578.0 206.0 554.0 246.0 486.0 278.0 452.0 350.0 454.0 432.0 540.0 276.0 570.0 366.0 564.0 450.0 518.0 104.0 530.0 104.0 494.0 108.0 0.0 0.0
526.0 112.0 506.0 156.0 466.0 154.0 408.0 184.0 436.0 214.0 548.0 156.0 578.0 206.0 554.0 246.0 486.0 276.0 452.0 350.0 454.0 432.0 540.0 276.0 568.0 366.0 564.0 450.0 518.0 104.0 530.0 104.0 494.0 108.0 0.0 0.0
532.0 112.0 510.0 154.0 470.0 150.0 412.0 184.0 438.0 218.0 550.0 154.0 582.0 204.0 556.0 242.0 492.0 274.0 466.0 350.0 478.0 432.0 542.0 274.0 568.0 364.0 564.0 450.0 526.0 104.0 536.0 104.0 502.0 106.0 0.0 0.0
534.0 112.0 510.0 152.0 472.0 150.0 412.0 184.0 438.0 218.0 550.0 154.0 582.0 204.0 556.0 242.0 492.0 274.0 466.0 350.0 480.0 432.0 542.0 274.0 568.0 364.0 564.0 450.0 526.0 104.0 536.0 104.0 502.0 106.0 0.0 0.0
540.0 112.0 512.0 152.0 472.0 150.0 418.0 184.0 446.0 222.0 550.0 154.0 586.0 202.0 558.0 238.0 498.0 270.0 482.0 350.0 500.0 432.0 548.0 270.0 568.0 362.0 564.0 450.0 534.0 104.0 542.0 106.0 510.0 104.0 0.0 0.0
540.0 112.0 512.0 152.0 472.0 150.0 418.0 186.0 446.0 222.0 550.0 154.0 586.0 202.0 558.0 238.0 498.0 270.0 482.0 352.0 500.0 432.0 548.0 268.0 568.0 362.0 564.0 450.0 534.0 104.0 542.0 106.0 510.0 104.0 0.0 0.0
540.0 112.0 512.0 152.0 472.0 150.0 418.0 186.0 446.0 222.0 550.0 154.0 586.0 202.0 558.0 238.0 498.0 270.0 482.0 352.0 500.0 432.0 548.0 268.0 566.0 362.0 564.0 450.0 534.0 104.0 542.0 106.0 510.0 104.0 0.0 0.0
546.0 112.0 514.0 152.0 476.0 150.0 426.0 192.0 456.0 222.0 552.0 154.0 592.0 202.0 560.0 234.0 502.0 268.0 500.0 358.0 522.0 444.0 550.0 266.0 562.0 362.0 564.0 450.0 538.0 104.0 548.0 106.0 514.0 104.0 0.0 0.0
546.0 112.0 514.0 152.0 476.0 150.0 426.0 192.0 456.0 222.0 552.0 154.0 592.0 202.0 560.0 234.0 502.0 268.0 500.0 358.0 522.0 446.0 550.0 266.0 562.0 362.0 564.0 450.0 538.0 104.0 548.0 106.0 514.0 104.0 0.0 0.0
546.0 106.0 516.0 152.0 478.0 148.0 436.0 192.0 460.0 222.0 554.0 154.0 594.0 202.0 564.0 228.0 502.0 266.0 514.0 362.0 538.0 448.0 550.0 264.0 560.0 362.0 562.0 450.0 538.0 98.0 548.0 100.0 514.0 104.0 0.0 0.0
546.0 106.0 516.0 152.0 478.0 148.0 436.0 194.0 460.0 226.0 554.0 154.0 594.0 202.0 564.0 228.0 502.0 266.0 514.0 362.0 538.0 448.0 550.0 264.0 560.0 362.0 562.0 448.0 538.0 98.0 548.0 100.0 514.0 104.0 0.0 0.0
546.0 106.0 516.0 152.0 478.0 148.0 436.0 194.0 462.0 226.0 554.0 154.0 594.0 202.0 564.0 228.0 502.0 266.0 514.0 362.0 538.0 448.0 550.0 264.0 560.0 362.0 562.0 450.0 538.0 98.0 548.0 100.0 514.0 104.0 538.0 90.0
544.0 100.0 520.0 150.0 480.0 144.0 448.0 194.0 484.0 226.0 558.0 154.0 598.0 202.0 564.0 226.0 506.0 266.0 514.0 362.0 538.0 448.0 550.0 264.0 560.0 364.0 562.0 450.0 534.0 92.0 546.0 94.0 514.0 104.0 538.0 90.0
544.0 100.0 520.0 150.0 480.0 144.0 450.0 192.0 486.0 228.0 558.0 154.0 598.0 202.0 564.0 226.0 506.0 266.0 514.0 362.0 538.0 448.0 552.0 264.0 560.0 364.0 562.0 450.0 534.0 92.0 546.0 94.0 512.0 104.0 538.0 90.0
540.0 92.0 522.0 148.0 482.0 144.0 456.0 192.0 490.0 228.0 562.0 152.0 598.0 202.0 566.0 226.0 508.0 266.0 512.0 362.0 538.0 448.0 554.0 264.0 564.0 364.0 564.0 450.0 528.0 86.0 542.0 86.0 508.0 104.0 537.0 91.0
540.0 92.0 522.0 148.0 482.0 144.0 456.0 192.0 490.0 228.0 562.0 152.0 598.0 202.0 568.0 226.0 508.0 266.0 512.0 362.0 538.0 448.0 554.0 264.0 564.0 364.0 564.0 450.0 528.0 86.0 542.0 86.0 508.0 104.0 536.0 92.0
532.0 86.0 526.0 148.0 484.0 144.0 462.0 192.0 492.0 230.0 564.0 148.0 596.0 200.0 566.0 226.0 508.0 266.0 504.0 360.0 530.0 446.0 554.0 264.0 564.0 366.0 564.0 450.0 520.0 84.0 534.0 82.0 504.0 104.0 536.0 92.0
532.0 86.0 526.0 148.0 484.0 144.0 462.0 192.0 492.0 230.0 564.0 148.0 596.0 200.0 564.0 226.0 508.0 268.0 504.0 360.0 530.0 446.0 554.0 266.0 564.0 366.0 564.0 450.0 520.0 84.0 534.0 82.0 504.0 104.0 536.0 92.0
532.0 86.0 526.0 148.0 484.0 144.0 462.0 192.0 492.0 232.0 564.0 148.0 596.0 198.0 566.0 226.0 508.0 268.0 504.0 360.0 530.0 446.0 554.0 266.0 564.0 366.0 564.0 450.0 520.0 84.0 534.0 82.0 504.0 104.0 536.0 92.0
524.0 84.0 526.0 148.0 484.0 148.0 482.0 214.0 494.0 246.0 564.0 144.0 594.0 198.0 566.0 228.0 506.0 268.0 494.0 356.0 518.0 440.0 554.0 266.0 562.0 366.0 564.0 452.0 514.0 84.0 528.0 80.0 502.0 104.0 536.0 90.0
524.0 84.0 524.0 148.0 484.0 148.0 482.0 214.0 496.0 246.0 564.0 144.0 594.0 198.0 566.0 228.0 506.0 270.0 494.0 356.0 518.0 440.0 554.0 266.0 562.0 366.0 564.0 452.0 514.0 84.0 528.0 80.0 502.0 104.0 536.0 90.0
520.0 84.0 524.0 144.0 484.0 148.0 482.0 214.0 510.0 246.0 564.0 142.0 590.0 196.0 566.0 230.0 504.0 270.0 482.0 352.0 504.0 432.0 554.0 268.0 562.0 366.0 564.0 452.0 510.0 84.0 524.0 80.0 500.0 104.0 536.0 92.0
520.0 84.0 524.0 144.0 484.0 148.0 482.0 214.0 512.0 246.0 564.0 142.0 590.0 196.0 564.0 230.0 504.0 270.0 482.0 352.0 504.0 432.0 554.0 268.0 562.0 366.0 564.0 452.0 510.0 84.0 524.0 80.0 500.0 104.0 536.0 92.0
520.0 84.0 524.0 144.0 484.0 148.0 482.0 214.0 512.0 246.0 564.0 142.0 590.0 196.0 564.0 230.0 504.0 270.0 482.0 352.0 504.0 432.0 554.0 268.0 562.0 366.0 564.0 452.0 510.0 84.0 524.0 80.0 500.0 104.0 536.0 92.0
516.0 86.0 522.0 144.0 482.0 148.0 482.0 214.0 512.0 240.0 562.0 140.0 584.0 196.0 564.0 232.0 502.0 270.0 474.0 350.0 490.0 432.0 552.0 268.0 562.0 364.0 564.0 450.0 506.0 84.0 522.0 80.0 498.0 104.0 536.0 92.0
516.0 86.0 522.0 144.0 482.0 148.0 482.0 212.0 510.0 240.0 562.0 140.0 584.0 196.0 564.0 232.0 502.0 270.0 474.0 350.0 490.0 432.0 550.0 268.0 562.0 364.0 564.0 450.0 506.0 84.0 522.0 80.0 498.0 104.0 536.0 92.0
512.0 86.0 520.0 144.0 480.0 148.0 482.0 210.0 492.0 240.0 560.0 140.0 578.0 198.0 564.0 232.0 500.0 270.0 466.0 350.0 472.0 434.0 550.0 268.0 560.0 364.0 564.0 450.0 502.0 86.0 518.0 80.0 494.0 104.0 532.0 92.0
512.0 86.0 520.0 144.0 480.0 148.0 482.0 210.0 511.0 246.0 560.0 142.0 576.0 200.0 564.0 232.0 500.0 270.0 466.0 354.0 470.0 436.0 550.0 270.0 560.0 366.0 564.0 450.0 502.0 86.0 518.0 80.0 494.0 104.0 532.0 92.0
506.0 88.0 516.0 146.0 480.0 150.0 484.0 210.0 511.0 246.0 554.0 142.0 566.0 202.0 566.0 232.0 498.0 272.0 458.0 354.0 448.0 436.0 548.0 270.0 560.0 366.0 564.0 450.0 498.0 86.0 514.0 82.0 490.0 102.0 530.0 92.0
506.0 88.0 516.0 146.0 478.0 150.0 484.0 210.0 511.0 246.0 554.0 142.0 566.0 202.0 566.0 242.0 498.0 272.0 458.0 354.0 448.0 436.0 548.0 270.0 560.0 366.0 564.0 450.0 498.0 86.0 514.0 82.0 490.0 102.0 530.0 92.0
506.0 88.0 516.0 146.0 478.0 150.0 484.0 210.0 501.0 243.0 554.0 142.0 566.0 202.0 566.0 242.0 498.0 272.0 458.0 354.0 448.0 438.0 548.0 270.0 560.0 366.0 564.0 450.0 498.0 86.0 514.0 82.0 490.0 102.0 530.0 92.0
504.0 92.0 512.0 148.0 474.0 150.0 484.0 210.0 456.0 240.0 548.0 146.0 562.0 202.0 574.0 242.0 494.0 272.0 454.0 354.0 426.0 438.0 546.0 270.0 560.0 366.0 564.0 450.0 496.0 88.0 512.0 84.0 486.0 102.0 526.0 94.0
504.0 92.0 512.0 148.0 474.0 150.0 484.0 210.0 420.0 240.0 548.0 146.0 562.0 202.0 574.0 242.0 494.0 272.0 454.0 354.0 426.0 438.0 546.0 270.0 560.0 366.0 564.0 450.0 496.0 88.0 512.0 84.0 486.0 102.0 526.0 94.0
500.0 94.0 504.0 150.0 468.0 150.0 466.0 210.0 404.0 234.0 542.0 146.0 562.0 202.0 580.0 242.0 488.0 274.0 448.0 356.0 410.0 438.0 542.0 274.0 560.0 368.0 564.0 450.0 492.0 90.0 508.0 88.0 482.0 102.0 522.0 98.0
500.0 94.0 504.0 150.0 468.0 150.0 466.0 212.0 388.0 228.0 542.0 146.0 562.0 202.0 580.0 242.0 488.0 274.0 448.0 356.0 410.0 438.0 542.0 274.0 560.0 368.0 564.0 450.0 492.0 90.0 508.0 88.0 482.0 102.0 522.0 98.0
500.0 94.0 504.0 150.0 468.0 150.0 464.0 210.0 373.0 218.0 542.0 146.0 562.0 202.0 580.0 236.0 488.0 274.0 448.0 356.0 410.0 440.0 542.0 274.0 558.0 368.0 564.0 450.0 492.0 90.0 508.0 88.0 482.0 102.0 522.0 98.0
496.0 94.0 500.0 150.0 462.0 148.0 444.0 210.0 388.0 228.0 536.0 150.0 560.0 210.0 596.0 254.0 480.0 278.0 436.0 356.0 408.0 440.0 538.0 274.0 558.0 368.0 564.0 450.0 488.0 90.0 504.0 88.0 478.0 102.0 518.0 98.0
496.0 94.0 500.0 150.0 462.0 148.0 444.0 210.0 388.0 228.0 536.0 150.0 560.0 210.0 596.0 254.0 480.0 278.0 436.0 356.0 408.0 440.0 538.0 274.0 558.0 368.0 564.0 450.0 488.0 90.0 504.0 88.0 478.0 102.0 518.0 98.0
490.0 96.0 494.0 146.0 458.0 146.0 426.0 194.0 388.0 228.0 530.0 146.0 562.0 200.0 612.0 236.0 472.0 280.0 430.0 358.0 408.0 440.0 530.0 278.0 554.0 368.0 564.0 450.0 482.0 90.0 498.0 88.0 474.0 102.0 512.0 98.0
490.0 96.0 494.0 146.0 458.0 146.0 426.0 192.0 388.0 228.0 530.0 146.0 562.0 200.0 614.0 236.0 472.0 280.0 430.0 358.0 406.0 440.0 530.0 278.0 554.0 368.0 564.0 450.0 482.0 90.0 498.0 88.0 474.0 102.0 512.0 98.0
482.0 98.0 488.0 146.0 452.0 144.0 408.0 184.0 358.0 208.0 526.0 146.0 572.0 198.0 628.0 218.0 466.0 280.0 424.0 358.0 404.0 440.0 526.0 278.0 554.0 368.0 564.0 448.0 474.0 92.0 490.0 90.0 466.0 102.0 506.0 100.0
482.0 98.0 488.0 146.0 452.0 144.0 408.0 182.0 358.0 208.0 526.0 146.0 572.0 198.0 630.0 218.0 466.0 280.0 422.0 358.0 404.0 440.0 524.0 278.0 554.0 368.0 564.0 448.0 474.0 92.0 490.0 90.0 466.0 102.0 506.0 100.0
482.0 98.0 488.0 146.0 452.0 144.0 408.0 182.0 358.0 208.0 526.0 146.0 572.0 198.0 630.0 218.0 466.0 280.0 422.0 358.0 404.0 440.0 524.0 278.0 554.0 368.0 564.0 448.0 474.0 92.0 490.0 90.0 466.0 102.0 506.0 100.0
476.0 102.0 482.0 146.0 444.0 144.0 400.0 174.0 340.0 184.0 522.0 146.0 572.0 182.0 634.0 194.0 462.0 280.0 420.0 358.0 400.0 440.0 520.0 276.0 550.0 364.0 566.0 448.0 468.0 94.0 484.0 94.0 458.0 102.0 500.0 102.0
476.0 102.0 482.0 146.0 444.0 146.0 398.0 174.0 338.0 184.0 522.0 146.0 572.0 180.0 634.0 194.0 462.0 280.0 420.0 358.0 400.0 440.0 520.0 276.0 550.0 364.0 566.0 448.0 468.0 94.0 484.0 94.0 458.0 102.0 500.0 102.0
468.0 108.0 478.0 150.0 440.0 148.0 386.0 162.0 326.0 166.0 518.0 148.0 570.0 168.0 634.0 176.0 460.0 280.0 420.0 360.0 398.0 440.0 516.0 276.0 550.0 364.0 566.0 446.0 462.0 100.0 478.0 102.0 452.0 106.0 494.0 108.0
468.0 108.0 478.0 150.0 440.0 150.0 384.0 162.0 326.0 166.0 518.0 148.0 570.0 168.0 634.0 176.0 460.0 280.0 420.0 360.0 398.0 440.0 516.0 276.0 550.0 364.0 566.0 446.0 462.0 100.0 478.0 102.0 452.0 106.0 494.0 108.0
468.0 108.0 476.0 154.0 438.0 150.0 384.0 162.0 326.0 166.0 516.0 152.0 568.0 168.0 634.0 176.0 460.0 280.0 420.0 360.0 398.0 440.0 516.0 276.0 550.0 364.0 568.0 446.0 462.0 100.0 478.0 102.0 452.0 106.0 494.0 108.0
464.0 114.0 470.0 154.0 430.0 154.0 378.0 156.0 318.0 154.0 512.0 152.0 568.0 158.0 634.0 164.0 458.0 288.0 420.0 364.0 394.0 440.0 514.0 282.0 552.0 368.0 570.0 446.0 456.0 106.0 472.0 108.0 446.0 114.0 488.0 112.0
464.0 114.0 470.0 156.0 430.0 154.0 378.0 156.0 318.0 154.0 512.0 152.0 568.0 158.0 634.0 164.0 458.0 288.0 420.0 364.0 394.0 440.0 514.0 284.0 552.0 370.0 570.0 446.0 456.0 106.0 472.0 108.0 446.0 114.0 488.0 112.0
458.0 122.0 468.0 166.0 430.0 164.0 374.0 156.0 312.0 150.0 508.0 164.0 566.0 154.0 634.0 156.0 456.0 290.0 420.0 364.0 392.0 440.0 512.0 286.0 552.0 370.0 572.0 446.0 452.0 114.0 468.0 114.0 442.0 120.0 482.0 118.0
458.0 122.0 468.0 166.0 430.0 164.0 374.0 156.0 312.0 150.0 508.0 164.0 566.0 154.0 634.0 156.0 456.0 290.0 420.0 364.0 392.0 440.0 512.0 286.0 552.0 370.0 572.0 446.0 452.0 114.0 468.0 114.0 442.0 120.0 482.0 118.0
456.0 128.0 466.0 168.0 426.0 166.0 372.0 156.0 308.0 150.0 506.0 164.0 566.0 154.0 632.0 156.0 456.0 292.0 420.0 366.0 392.0 442.0 512.0 288.0 552.0 370.0 574.0 446.0 448.0 120.0 464.0 120.0 438.0 126.0 480.0 124.0
456.0 128.0 466.0 168.0 426.0 166.0 370.0 156.0 308.0 150.0 506.0 166.0 566.0 154.0 632.0 156.0 456.0 292.0 420.0 366.0 392.0 442.0 512.0 288.0 552.0 370.0 574.0 446.0 448.0 120.0 464.0 120.0 438.0 126.0 480.0 124.0
456.0 128.0 466.0 168.0 426.0 166.0 370.0 156.0 308.0 150.0 506.0 166.0 562.0 154.0 632.0 156.0 456.0 292.0 420.0 366.0 392.0 442.0 512.0 288.0 552.0 372.0 574.0 446.0 448.0 120.0 464.0 120.0 438.0 126.0 480.0 124.0
454.0 136.0 464.0 170.0 424.0 166.0 370.0 162.0 308.0 158.0 504.0 170.0 560.0 156.0 630.0 156.0 452.0 294.0 420.0 366.0 394.0 442.0 510.0 290.0 552.0 372.0 574.0 446.0 446.0 128.0 462.0 128.0 436.0 132.0 478.0 132.0
454.0 136.0 464.0 172.0 424.0 166.0 372.0 162.0 308.0 158.0 504.0 170.0 560.0 156.0 630.0 156.0 452.0 294.0 420.0 366.0 394.0 442.0 510.0 290.0 552.0 372.0 574.0 446.0 446.0 128.0 462.0 128.0 436.0 132.0 478.0 132.0
452.0 144.0 464.0 188.0 422.0 180.0 372.0 172.0 308.0 170.0 504.0 192.0 520.0 246.0 516.0 280.0 452.0 296.0 424.0 366.0 394.0 444.0 506.0 294.0 552.0 372.0 576.0 446.0 444.0 136.0 460.0 136.0 434.0 140.0 476.0 140.0
450.0 144.0 464.0 188.0 422.0 180.0 370.0 172.0 308.0 170.0 502.0 192.0 520.0 246.0 516.0 280.0 452.0 296.0 424.0 366.0 394.0 444.0 506.0 294.0 550.0 372.0 576.0 446.0 444.0 136.0 460.0 136.0 434.0 140.0 476.0 140.0
450.0 144.0 464.0 188.0 422.0 180.0 374.0 172.0 308.0 170.0 504.0 192.0 518.0 250.0 516.0 280.0 452.0 296.0 424.0 366.0 394.0 444.0 506.0 294.0 550.0 372.0 576.0 446.0 444.0 136.0 460.0 136.0 434.0 140.0 474.0 140.0
450.0 150.0 464.0 190.0 422.0 182.0 374.0 182.0 312.0 188.0 504.0 194.0 518.0 250.0 516.0 280.0 452.0 296.0 428.0 366.0 394.0 444.0 504.0 296.0 548.0 372.0 576.0 446.0 442.0 142.0 458.0 142.0 432.0 146.0 472.0 146.0
450.0 150.0 462.0 190.0 422.0 182.0 374.0 182.0 312.0 188.0 504.0 196.0 518.0 250.0 516.0 280.0 452.0 298.0 428.0 366.0 394.0 444.0 504.0 296.0 548.0 372.0 576.0 446.0 442.0 142.0 458.0 142.0 432.0 146.0 472.0 146.0
448.0 158.0 462.0 202.0 422.0 190.0 374.0 198.0 316.0 210.0 500.0 206.0 518.0 260.0 514.0 286.0 454.0 302.0 434.0 366.0 396.0 444.0 504.0 300.0 542.0 370.0 576.0 446.0 440.0 148.0 458.0 150.0 430.0 152.0 472.0 154.0
448.0 158.0 462.0 202.0 422.0 192.0 374.0 198.0 316.0 210.0 500.0 208.0 518.0 260.0 514.0 288.0 454.0 302.0 434.0 366.0 396.0 444.0 502.0 300.0 542.0 370.0 576.0 446.0 440.0 150.0 458.0 150.0 430.0 152.0 472.0 154.0
448.0 164.0 462.0 204.0 420.0 198.0 376.0 226.0 336.0 258.0 498.0 208.0 514.0 260.0 514.0 290.0 454.0 304.0 436.0 370.0 396.0 444.0 502.0 302.0 534.0 370.0 576.0 446.0 440.0 156.0 458.0 156.0 430.0 158.0 472.0 160.0
448.0 164.0 462.0 204.0 420.0 198.0 378.0 226.0 336.0 258.0 498.0 208.0 514.0 260.0 514.0 290.0 454.0 304.0 436.0 370.0 396.0 444.0 502.0 302.0 534.0 370.0 576.0 446.0 440.0 156.0 458.0 156.0 430.0 158.0 472.0 160.0
448.0 170.0 458.0 204.0 420.0 200.0 378.0 228.0 336.0 258.0 494.0 208.0 514.0 258.0 512.0 290.0 454.0 304.0 436.0 374.0 398.0 444.0 500.0 302.0 530.0 374.0 576.0 446.0 440.0 162.0 458.0 162.0 430.0 164.0 472.0 166.0
448.0 170.0 458.0 204.0 422.0 202.0 382.0 242.0 350.0 278.0 494.0 208.0 514.0 258.0 512.0 290.0 454.0 304.0 436.0 374.0 398.0 444.0 500.0 302.0 530.0 374.0 576.0 446.0 440.0 162.0 458.0 162.0 430.0 164.0 472.0 166.0
448.0 170.0 458.0 202.0 422.0 202.0 382.0 242.0 350.0 278.0 492.0 208.0 514.0 258.0 512.0 290.0 454.0 306.0 436.0 374.0 398.0 444.0 500.0 302.0 530.0 374.0 576.0 446.0 442.0 162.0 458.0 162.0 430.0 164.0 472.0 166.0
450.0 174.0 458.0 202.0 422.0 202.0 382.0 242.0 350.0 284.0 492.0 204.0 514.0 258.0 512.0 290.0 454.0 306.0 438.0 374.0 398.0 444.0 500.0 302.0 528.0 376.0 576.0 448.0 442.0 166.0 458.0 168.0 430.0 170.0 472.0 172.0
450.0 174.0 458.0 202.0 422.0 202.0 382.0 242.0 350.0 284.0 494.0 204.0 514.0 258.0 512.0 290.0 454.0 306.0 438.0 374.0 398.0 444.0 500.0 302.0 528.0 376.0 576.0 448.0 442.0 166.0 458.0 168.0 430.0 170.0 472.0 172.0
450.0 174.0 458.0 202.0 422.0 202.0 382.0 242.0 350.0 284.0 494.0 204.0 514.0 258.0 512.0 290.0 454.0 306.0 438.0 374.0 398.0 444.0 500.0 304.0 528.0 376.0 576.0 448.0 442.0 166.0 458.0 168.0 430.0 170.0 472.0 172.0
450.0 182.0 458.0 202.0 424.0 204.0 392.0 252.0 364.0 304.0 494.0 204.0 540.0 252.0 600.0 290.0 454.0 308.0 440.0 376.0 400.0 444.0 500.0 306.0 528.0 376.0 576.0 448.0 442.0 174.0 460.0 174.0 432.0 174.0 472.0 176.0
450.0 182.0 458.0 202.0 424.0 204.0 392.0 252.0 364.0 306.0 494.0 204.0 540.0 252.0 600.0 290.0 454.0 308.0 440.0 376.0 400.0 444.0 500.0 306.0 528.0 376.0 576.0 448.0 442.0 174.0 460.0 174.0 432.0 174.0 472.0 176.0
452.0 188.0 458.0 210.0 424.0 208.0 394.0 264.0 376.0 324.0 494.0 210.0 540.0 252.0 600.0 306.0 454.0 312.0 440.0 380.0 400.0 444.0 500.0 308.0 528.0 378.0 576.0 448.0 444.0 178.0 460.0 180.0 434.0 178.0 474.0 182.0
452.0 188.0 458.0 210.0 426.0 208.0 394.0 264.0 376.0 324.0 494.0 210.0 540.0 252.0 600.0 306.0 454.0 312.0 440.0 380.0 400.0 444.0 500.0 308.0 528.0 378.0 576.0 448.0 444.0 178.0 460.0 180.0 434.0 178.0 474.0 182.0
454.0 192.0 460.0 214.0 426.0 216.0 398.0 276.0 382.0 338.0 494.0 212.0 536.0 260.0 582.0 312.0 454.0 316.0 440.0 382.0 400.0 444.0 500.0 312.0 528.0 378.0 576.0 448.0 448.0 182.0 464.0 184.0 434.0 182.0 476.0 188.0
454.0 192.0 460.0 214.0 426.0 216.0 398.0 278.0 382.0 338.0 494.0 212.0 536.0 260.0 582.0 312.0 454.0 316.0 440.0 382.0 400.0 444.0 500.0 312.0 528.0 378.0 576.0 448.0 448.0 182.0 464.0 184.0 434.0 182.0 476.0 188.0
456.0 196.0 460.0 222.0 428.0 224.0 404.0 286.0 390.0 352.0 494.0 220.0 534.0 270.0 570.0 326.0 454.0 320.0 436.0 382.0 400.0 446.0 502.0 316.0 532.0 380.0 576.0 448.0 448.0 188.0 466.0 190.0 438.0 186.0 480.0 192.0
456.0 198.0 460.0 222.0 428.0 224.0 404.0 286.0 390.0 352.0 494.0 220.0 534.0 270.0 570.0 328.0 454.0 320.0 436.0 382.0 400.0 446.0 502.0 316.0 532.0 380.0 574.0 448.0 448.0 188.0 466.0 190.0 438.0 186.0 480.0 192.0
456.0 198.0 460.0 222.0 428.0 224.0 404.0 288.0 392.0 352.0 494.0 220.0 534.0 270.0 570.0 328.0 454.0 320.0 436.0 382.0 400.0 446.0 502.0 316.0 532.0 380.0 574.0 448.0 448.0 188.0 466.0 190.0 438.0 186.0 480.0 192.0
460.0 200.0 464.0 228.0 430.0 232.0 408.0 296.0 394.0 364.0 498.0 224.0 532.0 280.0 560.0 340.0 456.0 326.0 436.0 386.0 400.0 446.0 504.0 322.0 536.0 380.0 574.0 448.0 452.0 190.0 470.0 192.0 442.0 192.0 482.0 196.0
460.0 200.0 464.0 228.0 430.0 232.0 408.0 296.0 394.0 364.0 498.0 224.0 532.0 280.0 560.0 340.0 456.0 326.0 436.0 386.0 400.0 446.0 504.0 322.0 536.0 380.0 574.0 448.0 452.0 190.0 470.0 192.0 442.0 192.0 482.0 196.0
460.0 200.0 464.0 228.0 430.0 232.0 408.0 296.0 394.0 364.0 498.0 224.0 532.0 280.0 560.0 340.0 456.0 326.0 436.0 388.0 400.0 446.0 504.0 322.0 536.0 380.0 574.0 448.0 452.0 190.0 470.0 192.0 442.0 192.0 482.0 196.0
466.0 200.0 468.0 228.0 436.0 232.0 414.0 296.0 396.0 364.0 500.0 224.0 528.0 280.0 550.0 340.0 458.0 326.0 438.0 388.0 400.0 448.0 504.0 324.0 540.0 380.0 574.0 448.0 458.0 192.0 474.0 192.0 446.0 192.0 488.0 196.0
466.0 200.0 468.0 228.0 436.0 232.0 414.0 296.0 396.0 364.0 500.0 224.0 528.0 280.0 550.0 340.0 458.0 326.0 438.0 388.0 400.0 448.0 504.0 324.0 540.0 378.0 574.0 448.0 458.0 192.0 474.0 192.0 446.0 192.0 488.0 196.0
472.0 200.0 474.0 228.0 444.0 232.0 420.0 292.0 396.0 354.0 506.0 224.0 528.0 280.0 538.0 330.0 462.0 326.0 440.0 388.0 400.0 448.0 506.0 324.0 544.0 378.0 574.0 448.0 464.0 192.0 480.0 192.0 452.0 192.0 494.0 196.0
472.0 200.0 474.0 228.0 444.0 232.0 420.0 292.0 396.0 354.0 506.0 224.0 528.0 280.0 538.0 330.0 462.0 326.0 440.0 388.0 400.0 448.0 506.0 324.0 544.0 378.0 574.0 448.0 464.0 192.0 480.0 192.0 452.0 192.0 494.0 196.0
480.0 196.0 482.0 222.0 450.0 224.0 420.0 282.0 392.0 336.0 514.0 222.0 534.0 276.0 538.0 324.0 464.0 324.0 440.0 388.0 400.0 448.0 510.0 320.0 550.0 378.0 576.0 448.0 472.0 188.0 490.0 190.0 460.0 188.0 500.0 192.0
480.0 196.0 482.0 222.0 450.0 224.0 420.0 280.0 392.0 336.0 514.0 222.0 534.0 274.0 538.0 324.0 464.0 324.0 440.0 388.0 400.0 448.0 510.0 320.0 550.0 378.0 576.0 448.0 472.0 188.0 490.0 190.0 460.0 188.0 500.0 192.0
480.0 196.0 482.0 222.0 450.0 224.0 422.0 280.0 392.0 336.0 514.0 222.0 534.0 274.0 538.0 324.0 464.0 324.0 440.0 386.0 400.0 448.0 510.0 320.0 550.0 378.0 576.0 448.0 472.0 188.0 490.0 190.0 460.0 188.0 500.0 192.0
490.0 188.0 488.0 214.0 454.0 210.0 422.0 262.0 392.0 304.0 522.0 216.0 542.0 274.0 556.0 324.0 470.0 318.0 440.0 384.0 400.0 446.0 518.0 316.0 558.0 376.0 576.0 448.0 482.0 178.0 498.0 180.0 470.0 180.0 510.0 182.0
490.0 188.0 488.0 214.0 454.0 210.0 422.0 262.0 392.0 304.0 522.0 216.0 542.0 274.0 556.0 324.0 470.0 318.0 440.0 384.0 400.0 446.0 518.0 316.0 558.0 376.0 576.0 448.0 482.0 178.0 498.0 180.0 470.0 178.0 510.0 182.0
498.0 178.0 498.0 210.0 458.0 208.0 422.0 254.0 420.0 288.0 528.0 212.0 552.0 272.0 580.0 324.0 470.0 308.0 440.0 376.0 402.0 444.0 520.0 310.0 558.0 374.0 576.0 448.0 490.0 168.0 506.0 168.0 480.0 170.0 518.0 172.0
498.0 178.0 498.0 210.0 458.0 208.0 416.0 254.0 420.0 288.0 528.0 212.0 552.0 272.0 580.0 324.0 470.0 308.0 440.0 376.0 402.0 444.0 520.0 310.0 558.0 372.0 576.0 448.0 490.0 168.0 506.0 168.0 480.0 170.0 518.0 172.0
498.0 176.0 500.0 210.0 466.0 206.0 424.0 252.0 426.0 286.0 530.0 212.0 552.0 272.0 580.0 324.0 470.0 308.0 440.0 376.0 402.0 444.0 520.0 310.0 558.0 372.0 576.0 448.0 490.0 168.0 506.0 168.0 480.0 170.0 518.0 172.0
504.0 168.0 500.0 194.0 466.0 182.0 424.0 208.0 426.0 254.0 536.0 202.0 558.0 256.0 604.0 304.0 470.0 292.0 440.0 362.0 408.0 438.0 520.0 296.0 552.0 368.0 576.0 448.0 498.0 158.0 514.0 158.0 486.0 158.0 526.0 160.0
504.0 168.0 500.0 194.0 466.0 182.0 424.0 208.0 426.0 254.0 536.0 202.0 558.0 256.0 604.0 304.0 470.0 292.0 440.0 362.0 408.0 438.0 520.0 296.0 552.0 368.0 576.0 448.0 498.0 158.0 514.0 158.0 486.0 158.0 526.0 160.0
510.0 158.0 504.0 186.0 466.0 176.0 424.0 208.0 424.0 254.0 542.0 192.0 572.0 238.0 620.0 278.0 468.0 290.0 440.0 358.0 418.0 424.0 520.0 294.0 550.0 368.0 576.0 448.0 502.0 148.0 518.0 150.0 492.0 148.0 530.0 150.0
510.0 158.0 504.0 184.0 466.0 176.0 424.0 208.0 424.0 254.0 542.0 192.0 572.0 238.0 620.0 278.0 468.0 288.0 440.0 358.0 418.0 424.0 520.0 294.0 548.0 368.0 576.0 448.0 502.0 148.0 518.0 150.0 492.0 148.0 530.0 150.0
514.0 148.0 510.0 176.0 466.0 170.0 430.0 214.0 424.0 270.0 550.0 180.0 584.0 224.0 632.0 258.0 468.0 286.0 442.0 358.0 426.0 420.0 520.0 290.0 548.0 368.0 576.0 446.0 506.0 140.0 524.0 140.0 496.0 140.0 538.0 140.0
514.0 148.0 510.0 176.0 466.0 170.0 430.0 214.0 424.0 272.0 550.0 180.0 584.0 224.0 632.0 258.0 470.0 284.0 442.0 358.0 426.0 420.0 522.0 290.0 548.0 368.0 576.0 446.0 506.0 140.0 524.0 140.0 496.0 140.0 538.0 140.0
514.0 148.0 510.0 176.0 468.0 170.0 430.0 214.0 424.0 272.0 550.0 180.0 584.0 224.0 632.0 258.0 470.0 284.0 444.0 358.0 426.0 420.0 522.0 290.0 548.0 368.0 576.0 446.0 506.0 140.0 524.0 140.0 496.0 138.0 538.0 140.0
518.0 140.0 516.0 172.0 478.0 170.0 438.0 216.0 414.0 274.0 556.0 174.0 596.0 216.0 640.0 244.0 472.0 282.0 452.0 358.0 426.0 420.0 522.0 290.0 550.0 368.0 576.0 446.0 512.0 132.0 528.0 132.0 500.0 132.0 540.0 132.0
520.0 140.0 518.0 172.0 478.0 168.0 440.0 216.0 414.0 274.0 558.0 172.0 598.0 214.0 640.0 244.0 472.0 282.0 452.0 358.0 426.0 420.0 524.0 290.0 552.0 368.0 576.0 446.0 512.0 132.0 528.0 132.0 500.0 132.0 540.0 132.0
520.0 136.0 522.0 170.0 484.0 168.0 442.0 218.0 408.0 274.0 562.0 168.0 600.0 206.0 642.0 236.0 478.0 282.0 454.0 364.0 420.0 440.0 526.0 288.0 556.0 368.0 576.0 446.0 514.0 128.0 528.0 128.0 502.0 128.0 542.0 130.0
520.0 136.0 522.0 170.0 484.0 168.0 442.0 220.0 408.0 274.0 562.0 168.0 600.0 206.0 642.0 236.0 478.0 280.0 454.0 364.0 420.0 440.0 528.0 288.0 556.0 368.0 576.0 446.0 514.0 128.0 530.0 128.0 502.0 128.0 542.0 130.0
522.0 136.0 522.0 168.0 484.0 166.0 442.0 218.0 408.0 274.0 562.0 168.0 600.0 206.0 642.0 236.0 478.0 280.0 454.0 364.0 420.0 440.0 528.0 288.0 556.0 368.0 576.0 448.0 514.0 128.0 530.0 128.0 502.0 128.0 542.0 130.0
522.0 134.0 522.0 168.0 484.0 166.0 442.0 216.0 406.0 268.0 562.0 166.0 600.0 202.0 646.0 236.0 480.0 280.0 460.0 366.0 418.0 440.0 530.0 288.0 562.0 368.0 576.0 448.0 516.0 126.0 530.0 126.0 504.0 126.0 544.0 128.0
522.0 134.0 522.0 168.0 484.0 166.0 442.0 216.0 406.0 268.0 562.0 166.0 600.0 202.0 646.0 236.0 482.0 282.0 460.0 368.0 418.0 440.0 530.0 288.0 562.0 368.0 576.0 448.0 516.0 126.0 530.0 126.0 504.0 126.0 544.0 128.0
526.0 130.0 522.0 166.0 484.0 166.0 442.0 216.0 406.0 260.0 562.0 164.0 600.0 202.0 648.0 236.0 484.0 284.0 460.0 370.0 418.0 444.0 536.0 288.0 568.0 366.0 576.0 448.0 518.0 122.0 532.0 122.0 506.0 126.0 546.0 126.0
526.0 130.0 522.0 166.0 484.0 166.0 442.0 216.0 406.0 260.0 562.0 164.0 600.0 202.0 648.0 236.0 484.0 284.0 460.0 370.0 418.0 444.0 536.0 288.0 568.0 366.0 578.0 448.0 518.0 122.0 534.0 122.0 506.0 126.0 546.0 126.0
528.0 126.0 524.0 160.0 486.0 156.0 446.0 204.0 410.0 248.0 564.0 164.0 600.0 202.0 650.0 236.0 488.0 284.0 462.0 370.0 418.0 444.0 540.0 286.0 572.0 366.0 578.0 448.0 522.0 118.0 536.0 120.0 510.0 120.0 548.0 122.0
528.0 126.0 524.0 160.0 486.0 156.0 446.0 204.0 410.0 248.0 566.0 164.0 600.0 202.0 650.0 236.0 488.0 284.0 462.0 370.0 418.0 444.0 540.0 286.0 572.0 364.0 578.0 448.0 522.0 118.0 536.0 120.0 510.0 120.0 548.0 122.0
528.0 126.0 524.0 160.0 486.0 156.0 446.0 204.0 410.0 248.0 566.0 162.0 600.0 202.0 650.0 236.0 488.0 284.0 462.0 370.0 418.0 444.0 540.0 286.0 572.0 364.0 578.0 448.0 522.0 118.0 536.0 120.0 510.0 120.0 548.0 122.0
532.0 120.0 528.0 154.0 490.0 148.0 448.0 196.0 416.0 238.0 568.0 160.0 608.0 202.0 656.0 234.0 496.0 280.0 464.0 358.0 420.0 438.0 548.0 284.0 572.0 364.0 578.0 448.0 524.0 112.0 540.0 112.0 512.0 114.0 554.0 116.0
532.0 120.0 528.0 154.0 490.0 148.0 450.0 196.0 416.0 238.0 568.0 160.0 608.0 202.0 656.0 234.0 496.0 280.0 464.0 358.0 420.0 438.0 548.0 284.0 572.0 364.0 578.0 448.0 524.0 112.0 540.0 112.0 512.0 114.0 554.0 116.0
536.0 114.0 532.0 148.0 494.0 142.0 458.0 190.0 430.0 230.0 572.0 156.0 610.0 200.0 664.0 228.0 500.0 270.0 478.0 350.0 428.0 424.0 550.0 276.0 568.0 360.0 578.0 448.0 528.0 106.0 546.0 106.0 516.0 108.0 558.0 110.0
536.0 114.0 532.0 148.0 494.0 140.0 458.0 190.0 430.0 230.0 572.0 156.0 610.0 200.0 666.0 228.0 500.0 270.0 478.0 350.0 428.0 424.0 550.0 274.0 568.0 360.0 578.0 448.0 528.0 106.0 546.0 106.0 516.0 108.0 558.0 110.0
536.0 114.0 532.0 148.0 494.0 140.0 458.0 190.0 430.0 230.0 572.0 156.0 610.0 198.0 666.0 228.0 500.0 270.0 478.0 350.0 428.0 424.0 550.0 274.0 568.0 360.0 578.0 448.0 528.0 106.0 546.0 106.0 516.0 108.0 558.0 110.0
544.0 112.0 538.0 146.0 502.0 140.0 468.0 190.0 442.0 230.0 574.0 152.0 616.0 192.0 670.0 218.0 504.0 264.0 488.0 350.0 438.0 424.0 552.0 270.0 568.0 360.0 576.0 448.0 536.0 104.0 552.0 104.0 524.0 106.0 564.0 108.0
544.0 110.0 538.0 146.0 502.0 140.0 468.0 190.0 442.0 230.0 574.0 152.0 616.0 192.0 672.0 218.0 504.0 264.0 488.0 350.0 438.0 424.0 552.0 270.0 568.0 360.0 576.0 448.0 536.0 104.0 552.0 104.0 524.0 106.0 564.0 108.0
548.0 110.0 542.0 146.0 506.0 140.0 474.0 190.0 442.0 242.0 580.0 150.0 620.0 188.0 678.0 212.0 508.0 264.0 492.0 350.0 450.0 424.0 556.0 270.0 568.0 360.0 574.0 448.0 540.0 102.0 558.0 104.0 528.0 104.0 570.0 106.0
548.0 110.0 542.0 146.0 506.0 140.0 474.0 192.0 442.0 242.0 580.0 150.0 622.0 186.0 678.0 212.0 508.0 264.0 492.0 350.0 450.0 426.0 556.0 270.0 568.0 360.0 574.0 448.0 540.0 102.0 558.0 104.0 528.0 104.0 570.0 106.0
554.0 110.0 548.0 146.0 514.0 142.0 478.0 194.0 446.0 248.0 584.0 150.0 626.0 184.0 686.0 208.0 512.0 268.0 494.0 358.0 450.0 438.0 564.0 274.0 580.0 364.0 574.0 448.0 546.0 102.0 562.0 104.0 534.0 104.0 574.0 106.0
554.0 110.0 548.0 146.0 514.0 142.0 478.0 194.0 446.0 248.0 584.0 150.0 626.0 184.0 686.0 208.0 512.0 268.0 494.0 358.0 450.0 438.0 564.0 274.0 580.0 364.0 574.0 446.0 546.0 102.0 562.0 104.0 534.0 104.0 574.0 106.0
554.0 110.0 548.0 146.0 514.0 142.0 478.0 194.0 446.0 248.0 584.0 150.0 626.0 184.0 686.0 208.0 512.0 268.0 496.0 358.0 450.0 438.0 564.0 274.0 580.0 364.0 574.0 446.0 546.0 102.0 562.0 104.0 534.0 104.0 574.0 106.0
558.0 110.0 554.0 148.0 520.0 146.0 482.0 198.0 448.0 248.0 588.0 150.0 634.0 184.0 690.0 204.0 522.0 272.0 500.0 358.0 450.0 438.0 572.0 278.0 586.0 366.0 576.0 446.0 550.0 102.0 566.0 104.0 540.0 104.0 578.0 106.0
558.0 110.0 554.0 148.0 520.0 146.0 482.0 198.0 448.0 248.0 588.0 150.0 634.0 184.0 690.0 204.0 522.0 272.0 500.0 358.0 450.0 438.0 574.0 278.0 586.0 366.0 576.0 446.0 552.0 102.0 566.0 104.0 540.0 104.0 578.0 106.0
564.0 110.0 560.0 148.0 528.0 146.0 486.0 198.0 452.0 246.0 592.0 150.0 642.0 184.0 702.0 196.0 530.0 274.0 500.0 358.0 450.0 438.0 580.0 278.0 590.0 366.0 576.0 446.0 556.0 102.0 572.0 104.0 544.0 104.0 584.0 106.0
564.0 110.0 560.0 148.0 528.0 146.0 486.0 198.0 452.0 246.0 592.0 150.0 642.0 184.0 702.0 196.0 530.0 274.0 500.0 358.0 452.0 438.0 582.0 278.0 590.0 366.0 576.0 446.0 556.0 102.0 572.0 104.0 544.0 104.0 584.0 106.0
564.0 110.0 560.0 148.0 528.0 146.0 486.0 198.0 452.0 246.0 594.0 150.0 642.0 184.0 702.0 196.0 530.0 274.0 500.0 358.0 452.0 438.0 582.0 278.0 590.0 366.0 576.0 446.0 556.0 102.0 572.0 104.0 544.0 106.0 584.0 106.0
566.0 110.0 564.0 148.0 530.0 146.0 492.0 194.0 458.0 238.0 598.0 150.0 654.0 178.0 722.0 182.0 538.0 274.0 516.0 356.0 464.0 434.0 588.0 276.0 592.0 364.0 576.0 446.0 558.0 102.0 574.0 102.0 546.0 106.0 586.0 106.0
566.0 110.0 564.0 148.0 530.0 146.0 492.0 194.0 458.0 238.0 598.0 150.0 654.0 178.0 722.0 182.0 538.0 274.0 516.0 356.0 464.0 434.0 588.0 276.0 592.0 364.0 576.0 446.0 560.0 102.0 574.0 102.0 546.0 106.0 586.0 106.0
570.0 106.0 568.0 146.0 534.0 146.0 494.0 194.0 460.0 236.0 604.0 144.0 658.0 168.0 722.0 154.0 546.0 270.0 530.0 350.0 490.0 424.0 594.0 274.0 594.0 364.0 576.0 446.0 560.0 100.0 578.0 98.0 550.0 104.0 590.0 104.0
570.0 106.0 568.0 146.0 534.0 146.0 494.0 194.0 460.0 236.0 604.0 144.0 658.0 168.0 722.0 154.0 546.0 270.0 530.0 350.0 490.0 424.0 594.0 274.0 594.0 364.0 576.0 446.0 560.0 100.0 578.0 98.0 550.0 104.0 590.0 104.0
572.0 102.0 572.0 146.0 534.0 146.0 498.0 192.0 468.0 230.0 608.0 142.0 658.0 156.0 714.0 128.0 552.0 268.0 548.0 350.0 524.0 424.0 600.0 274.0 596.0 364.0 578.0 444.0 564.0 96.0 580.0 94.0 552.0 104.0 592.0 102.0
572.0 102.0 572.0 146.0 534.0 146.0 498.0 192.0 468.0 230.0 608.0 142.0 658.0 156.0 714.0 128.0 552.0 268.0 548.0 350.0 524.0 424.0 600.0 272.0 596.0 364.0 578.0 444.0 564.0 96.0 580.0 94.0 552.0 106.0 592.0 102.0
572.0 102.0 572.0 146.0 534.0 146.0 498.0 192.0 468.0 230.0 608.0 142.0 658.0 156.0 714.0 128.0 552.0 268.0 548.0 344.0 524.0 424.0 600.0 272.0 596.0 364.0 578.0 444.0 564.0 96.0 580.0 94.0 552.0 106.0 592.0 102.0
576.0 102.0 574.0 146.0 536.0 150.0 504.0 192.0 472.0 230.0 612.0 140.0 658.0 144.0 696.0 116.0 562.0 268.0 568.0 344.0 550.0 430.0 606.0 270.0 606.0 364.0 580.0 444.0 568.0 96.0 584.0 94.0 556.0 106.0 596.0 102.0
576.0 102.0 574.0 146.0 536.0 150.0 504.0 192.0 472.0 230.0 612.0 140.0 656.0 144.0 694.0 116.0 562.0 266.0 568.0 344.0 550.0 430.0 606.0 268.0 606.0 364.0 580.0 442.0 568.0 96.0 584.0 94.0 556.0 106.0 596.0 102.0
580.0 102.0 578.0 148.0 540.0 154.0 506.0 198.0 474.0 232.0 618.0 140.0 656.0 144.0 680.0 116.0 566.0 266.0 590.0 344.0 588.0 432.0 610.0 268.0 618.0 360.0 580.0 442.0 570.0 96.0 588.0 94.0 560.0 108.0 600.0 106.0
580.0 102.0 578.0 148.0 540.0 154.0 506.0 198.0 474.0 232.0 618.0 140.0 656.0 144.0 680.0 116.0 566.0 266.0 590.0 352.0 588.0 432.0 610.0 268.0 618.0 360.0 580.0 442.0 570.0 96.0 588.0 94.0 560.0 108.0 600.0 106.0
580.0 102.0 578.0 148.0 540.0 154.0 506.0 198.0 474.0 232.0 618.0 140.0 656.0 144.0 680.0 116.0 566.0 266.0 590.0 352.0 588.0 432.0 612.0 268.0 618.0 360.0 582.0 442.0 570.0 96.0 588.0 94.0 560.0 108.0 600.0 106.0
584.0 108.0 584.0 158.0 544.0 158.0 512.0 204.0 478.0 240.0 624.0 154.0 640.0 224.0 628.0 116.0 574.0 270.0 608.0 352.0 616.0 432.0 618.0 268.0 626.0 358.0 582.0 444.0 576.0 102.0 592.0 100.0 562.0 112.0 602.0 110.0
584.0 108.0 584.0 158.0 546.0 158.0 512.0 204.0 478.0 240.0 624.0 154.0 640.0 224.0 628.0 116.0 574.0 270.0 608.0 352.0 616.0 432.0 618.0 268.0 626.0 358.0 582.0 444.0 576.0 102.0 592.0 100.0 562.0 112.0 602.0 112.0
588.0 114.0 588.0 158.0 550.0 164.0 516.0 208.0 478.0 248.0 624.0 154.0 640.0 224.0 628.0 160.0 580.0 276.0 618.0 362.0 646.0 454.0 624.0 270.0 632.0 358.0 582.0 444.0 578.0 108.0 594.0 108.0 566.0 118.0 606.0 118.0
588.0 114.0 588.0 158.0 550.0 164.0 516.0 208.0 478.0 248.0 624.0 154.0 640.0 224.0 628.0 160.0 580.0 276.0 618.0 364.0 646.0 456.0 624.0 270.0 632.0 358.0 582.0 444.0 580.0 108.0 596.0 108.0 566.0 118.0 606.0 118.0
592.0 120.0 588.0 158.0 552.0 168.0 518.0 214.0 472.0 250.0 624.0 154.0 656.0 186.0 650.0 160.0 588.0 278.0 630.0 366.0 648.0 460.0 630.0 270.0 638.0 366.0 582.0 444.0 582.0 114.0 598.0 114.0 570.0 124.0 608.0 124.0
592.0 120.0 588.0 162.0 552.0 168.0 518.0 214.0 472.0 250.0 624.0 154.0 658.0 186.0 650.0 176.0 588.0 278.0 630.0 366.0 648.0 460.0 630.0 272.0 638.0 366.0 582.0 444.0 582.0 114.0 598.0 114.0 570.0 124.0 608.0 124.0
592.0 120.0 588.0 162.0 552.0 168.0 518.0 214.0 472.0 250.0 624.0 154.0 658.0 176.0 650.0 176.0 588.0 278.0 630.0 366.0 648.0 460.0 632.0 272.0 638.0 366.0 582.0 444.0 582.0 114.0 598.0 114.0 570.0 124.0 608.0 124.0
594.0 120.0 592.0 162.0 556.0 170.0 520.0 216.0 472.0 250.0 628.0 154.0 658.0 176.0 650.0 176.0 594.0 290.0 634.0 368.0 650.0 460.0 638.0 282.0 642.0 370.0 584.0 442.0 584.0 116.0 600.0 116.0 572.0 128.0 612.0 128.0
594.0 120.0 592.0 162.0 556.0 170.0 520.0 216.0 472.0 250.0 628.0 154.0 656.0 176.0 650.0 176.0 594.0 290.0 634.0 368.0 650.0 460.0 638.0 282.0 644.0 372.0 584.0 442.0 584.0 116.0 600.0 116.0 572.0 128.0 612.0 128.0
596.0 120.0 594.0 162.0 558.0 170.0 522.0 216.0 472.0 236.0 628.0 156.0 636.0 176.0 640.0 188.0 596.0 294.0 634.0 370.0 650.0 460.0 640.0 288.0 664.0 372.0 594.0 434.0 586.0 116.0 604.0 116.0 574.0 128.0 614.0 128.0
596.0 120.0 594.0 162.0 558.0 170.0 522.0 216.0 472.0 236.0 628.0 156.0 636.0 186.0 640.0 188.0 598.0 294.0 634.0 370.0 650.0 462.0 640.0 288.0 664.0 372.0 594.0 434.0 586.0 116.0 604.0 116.0 574.0 128.0 614.0 128.0
596.0 120.0 594.0 162.0 558.0 170.0 522.0 216.0 472.0 236.0 628.0 156.0 636.0 186.0 640.0 188.0 598.0 294.0 634.0 370.0 650.0 460.0 640.0 288.0 664.0 370.0 594.0 434.0 586.0 116.0 604.0 116.0 574.0 128.0 614.0 128.0
598.0 120.0 596.0 160.0 562.0 166.0 526.0 212.0 484.0 222.0 632.0 156.0 636.0 198.0 634.0 210.0 598.0 294.0 632.0 370.0 650.0 460.0 642.0 288.0 672.0 370.0 608.0 426.0 590.0 114.0 606.0 114.0 578.0 128.0 616.0 126.0
598.0 120.0 596.0 160.0 562.0 166.0 526.0 212.0 484.0 222.0 632.0 156.0 636.0 198.0 634.0 210.0 598.0 294.0 632.0 370.0 650.0 460.0 642.0 288.0 672.0 370.0 608.0 426.0 590.0 114.0 606.0 114.0 578.0 128.0 616.0 126.0
600.0 116.0 600.0 158.0 564.0 162.0 532.0 206.0 496.0 210.0 634.0 154.0 628.0 198.0 622.0 218.0 598.0 292.0 632.0 366.0 650.0 460.0 642.0 286.0 680.0 366.0 620.0 422.0 592.0 112.0 608.0 112.0 578.0 124.0 618.0 124.0
600.0 116.0 600.0 158.0 564.0 162.0 532.0 206.0 496.0 210.0 634.0 154.0 628.0 198.0 622.0 218.0 598.0 292.0 632.0 366.0 650.0 460.0 642.0 286.0 680.0 366.0 620.0 422.0 592.0 112.0 608.0 112.0 578.0 124.0 618.0 124.0
600.0 116.0 600.0 158.0 564.0 162.0 536.0 206.0 516.0 204.0 636.0 154.0 626.0 194.0 614.0 218.0 598.0 292.0 632.0 364.0 650.0 460.0 642.0 284.0 680.0 362.0 620.0 416.0 592.0 112.0 608.0 112.0 580.0 124.0 620.0 124.0
600.0 116.0 600.0 158.0 564.0 162.0 536.0 204.0 516.0 204.0 636.0 154.0 626.0 194.0 612.0 224.0 598.0 290.0 632.0 364.0 650.0 460.0 642.0 282.0 680.0 362.0 620.0 416.0 592.0 112.0 608.0 112.0 580.0 124.0 620.0 124.0
600.0 116.0 600.0 158.0 564.0 162.0 536.0 204.0 516.0 204.0 636.0 156.0 626.0 194.0 612.0 224.0 598.0 290.0 632.0 364.0 650.0 460.0 642.0 282.0 680.0 362.0 620.0 416.0 592.0 112.0 608.0 112.0 580.0 124.0 620.0 124.0
602.0 118.0 602.0 158.0 566.0 160.0 538.0 204.0 532.0 198.0 636.0 156.0 626.0 194.0 606.0 224.0 598.0 290.0 632.0 364.0 650.0 462.0 642.0 282.0 680.0 362.0 622.0 416.0 592.0 112.0 608.0 112.0 582.0 126.0 620.0 124.0
602.0 118.0 602.0 158.0 566.0 160.0 540.0 200.0 534.0 198.0 636.0 156.0 626.0 194.0 606.0 224.0 598.0 290.0 632.0 364.0 650.0 464.0 642.0 282.0 680.0 362.0 624.0 416.0 594.0 112.0 610.0 112.0 582.0 126.0 620.0 124.0
602.0 120.0 602.0 158.0 568.0 158.0 540.0 194.0 550.0 196.0 636.0 160.0 626.0 200.0 602.0 236.0 598.0 290.0 632.0 364.0 650.0 464.0 642.0 282.0 678.0 364.0 624.0 416.0 594.0 116.0 610.0 116.0 582.0 128.0 620.0 126.0
602.0 120.0 602.0 158.0 568.0 158.0 542.0 194.0 550.0 196.0 636.0 160.0 626.0 200.0 602.0 236.0 598.0 290.0 632.0 364.0 650.0 464.0 642.0 280.0 678.0 364.0 624.0 418.0 594.0 116.0 610.0 116.0 582.0 128.0 620.0 126.0
602.0 120.0 602.0 158.0 568.0 158.0 542.0 192.0 550.0 196.0 636.0 160.0 626.0 202.0 602.0 236.0 598.0 290.0 632.0 364.0 650.0 464.0 642.0 280.0 678.0 364.0 624.0 418.0 594.0 116.0 608.0 116.0 582.0 128.0 620.0 126.0
602.0 124.0 602.0 160.0 568.0 158.0 548.0 188.0 568.0 194.0 636.0 162.0 624.0 208.0 596.0 236.0 598.0 290.0 630.0 364.0 648.0 462.0 642.0 280.0 670.0 370.0 624.0 430.0 594.0 120.0 608.0 120.0 582.0 130.0 620.0 130.0
602.0 124.0 602.0 160.0 568.0 158.0 548.0 188.0 570.0 194.0 636.0 162.0 624.0 208.0 596.0 236.0 598.0 290.0 630.0 364.0 648.0 462.0 642.0 280.0 670.0 370.0 624.0 430.0 594.0 120.0 608.0 120.0 582.0 130.0 620.0 130.0
602.0 128.0 604.0 162.0 570.0 158.0 558.0 188.0 588.0 194.0 636.0 168.0 620.0 216.0 584.0 246.0 598.0 288.0 626.0 364.0 648.0 462.0 640.0 288.0 662.0 374.0 624.0 434.0 592.0 124.0 608.0 124.0 582.0 134.0 618.0 132.0
602.0 128.0 604.0 162.0 570.0 158.0 558.0 188.0 588.0 194.0 636.0 168.0 620.0 216.0 584.0 246.0 598.0 288.0 626.0 364.0 648.0 460.0 640.0 288.0 662.0 374.0 624.0 434.0 592.0 124.0 608.0 124.0 582.0 134.0 618.0 132.0
600.0 132.0 604.0 166.0 572.0 160.0 568.0 188.0 588.0 198.0 636.0 170.0 620.0 218.0 582.0 268.0 598.0 288.0 620.0 360.0 642.0 450.0 638.0 288.0 652.0 374.0 622.0 436.0 592.0 128.0 606.0 126.0 582.0 138.0 618.0 134.0
600.0 132.0 604.0 166.0 572.0 160.0 568.0 188.0 588.0 198.0 636.0 170.0 618.0 218.0 582.0 268.0 598.0 288.0 620.0 360.0 642.0 448.0 638.0 288.0 652.0 374.0 622.0 436.0 592.0 128.0 606.0 126.0 582.0 138.0 618.0 134.0
600.0 132.0 604.0 166.0 572.0 160.0 568.0 190.0 588.0 198.0 636.0 170.0 618.0 218.0 582.0 268.0 598.0 288.0 620.0 358.0 642.0 448.0 638.0 288.0 652.0 374.0 622.0 436.0 592.0 128.0 606.0 126.0 582.0 138.0 618.0 134.0
600.0 132.0 604.0 168.0 572.0 164.0 574.0 200.0 606.0 204.0 636.0 172.0 618.0 222.0 576.0 272.0 598.0 286.0 612.0 356.0 622.0 442.0 636.0 288.0 648.0 374.0 622.0 438.0 592.0 128.0 606.0 126.0 580.0 138.0 618.0 136.0
600.0 132.0 604.0 168.0 572.0 164.0 574.0 204.0 606.0 204.0 636.0 172.0 618.0 224.0 576.0 272.0 598.0 286.0 612.0 356.0 622.0 442.0 636.0 288.0 648.0 374.0 622.0 438.0 592.0 128.0 606.0 126.0 580.0 138.0 618.0 136.0
598.0 132.0 602.0 168.0 572.0 164.0 574.0 204.0 606.0 212.0 634.0 174.0 618.0 228.0 572.0 272.0 592.0 286.0 606.0 356.0 612.0 442.0 632.0 288.0 648.0 374.0 622.0 438.0 590.0 128.0 604.0 126.0 580.0 138.0 616.0 136.0
598.0 132.0 602.0 168.0 572.0 164.0 574.0 204.0 608.0 212.0 634.0 174.0 618.0 228.0 572.0 272.0 592.0 286.0 606.0 356.0 612.0 442.0 632.0 288.0 646.0 372.0 620.0 438.0 590.0 128.0 604.0 126.0 580.0 138.0 616.0 136.0
598.0 132.0 602.0 168.0 572.0 164.0 574.0 204.0 608.0 212.0 634.0 174.0 618.0 228.0 572.0 272.0 592.0 286.0 606.0 356.0 612.0 442.0 632.0 288.0 646.0 372.0 620.0 440.0 590.0 128.0 604.0 126.0 580.0 138.0 616.0 136.0
596.0 130.0 602.0 168.0 570.0 162.0 570.0 202.0 608.0 212.0 632.0 174.0 618.0 228.0 568.0 270.0 586.0 286.0 596.0 358.0 596.0 434.0 628.0 288.0 646.0 372.0 620.0 440.0 588.0 126.0 604.0 124.0 578.0 138.0 614.0 134.0
596.0 130.0 602.0 168.0 570.0 162.0 570.0 200.0 608.0 212.0 632.0 174.0 616.0 228.0 568.0 270.0 586.0 286.0 596.0 358.0 596.0 434.0 628.0 288.0 646.0 372.0 620.0 440.0 588.0 126.0 604.0 124.0 578.0 138.0 614.0 134.0
594.0 126.0 598.0 166.0 568.0 162.0 568.0 200.0 608.0 218.0 628.0 172.0 614.0 224.0 564.0 266.0 584.0 286.0 590.0 358.0 576.0 422.0 626.0 288.0 644.0 370.0 618.0 438.0 586.0 124.0 600.0 122.0 576.0 138.0 612.0 134.0
594.0 126.0 598.0 166.0 568.0 162.0 568.0 200.0 608.0 218.0 628.0 172.0 614.0 224.0 564.0 266.0 584.0 284.0 590.0 358.0 576.0 422.0 626.0 288.0 644.0 370.0 618.0 438.0 586.0 124.0 600.0 122.0 576.0 136.0 612.0 134.0
592.0 124.0 596.0 164.0 566.0 160.0 568.0 200.0 602.0 218.0 626.0 170.0 612.0 224.0 564.0 262.0 574.0 278.0 578.0 358.0 562.0 414.0 618.0 278.0 638.0 368.0 618.0 438.0 582.0 120.0 598.0 120.0 574.0 134.0 608.0 132.0
592.0 124.0 596.0 164.0 566.0 160.0 566.0 200.0 602.0 220.0 626.0 170.0 612.0 224.0 564.0 262.0 574.0 276.0 578.0 358.0 562.0 412.0 616.0 276.0 638.0 368.0 618.0 440.0 582.0 120.0 598.0 120.0 574.0 134.0 608.0 132.0
592.0 124.0 596.0 164.0 566.0 160.0 566.0 200.0 602.0 220.0 626.0 170.0 612.0 224.0 564.0 262.0 574.0 276.0 578.0 358.0 562.0 412.0 616.0 276.0 638.0 368.0 618.0 440.0 582.0 120.0 598.0 120.0 574.0 134.0 608.0 132.0
590.0 122.0 592.0 162.0 562.0 158.0 566.0 200.0 602.0 232.0 622.0 168.0 610.0 224.0 562.0 256.0 572.0 276.0 574.0 362.0 542.0 412.0 614.0 276.0 634.0 364.0 616.0 440.0 580.0 118.0 596.0 118.0 570.0 132.0 606.0 130.0
590.0 122.0 592.0 162.0 562.0 158.0 566.0 200.0 602.0 232.0 622.0 168.0 610.0 224.0 562.0 256.0 572.0 276.0 574.0 362.0 542.0 414.0 614.0 276.0 634.0 364.0 616.0 440.0 580.0 118.0 596.0 118.0 570.0 132.0 606.0 130.0
584.0 120.0 588.0 162.0 558.0 158.0 558.0 200.0 594.0 232.0 618.0 166.0 610.0 224.0 562.0 246.0 564.0 276.0 568.0 364.0 532.0 420.0 608.0 276.0 626.0 362.0 616.0 440.0 576.0 118.0 592.0 116.0 566.0 130.0 602.0 126.0
584.0 120.0 588.0 162.0 558.0 158.0 558.0 200.0 594.0 234.0 618.0 166.0 610.0 224.0 560.0 246.0 564.0 276.0 566.0 364.0 532.0 420.0 608.0 276.0 626.0 362.0 616.0 440.0 576.0 118.0 592.0 116.0 566.0 130.0 602.0 126.0
584.0 120.0 588.0 162.0 558.0 158.0 556.0 200.0 594.0 234.0 618.0 166.0 610.0 224.0 560.0 246.0 564.0 276.0 566.0 364.0 532.0 420.0 608.0 276.0 626.0 360.0 616.0 440.0 576.0 118.0 592.0 116.0 566.0 130.0 602.0 126.0
582.0 120.0 584.0 162.0 552.0 158.0 556.0 206.0 586.0 238.0 616.0 166.0 610.0 220.0 560.0 240.0 558.0 276.0 556.0 368.0 532.0 426.0 602.0 276.0 618.0 360.0 614.0 440.0 574.0 118.0 588.0 116.0 564.0 130.0 600.0 126.0
582.0 120.0 584.0 162.0 552.0 158.0 556.0 208.0 586.0 238.0 616.0 166.0 610.0 220.0 560.0 240.0 558.0 276.0 556.0 368.0 532.0 426.0 602.0 276.0 618.0 360.0 614.0 440.0 574.0 118.0 588.0 116.0 564.0 130.0 600.0 126.0
576.0 124.0 580.0 164.0 546.0 160.0 548.0 208.0 584.0 238.0 610.0 168.0 612.0 220.0 560.0 236.0 550.0 278.0 546.0 368.0 534.0 428.0 590.0 280.0 608.0 358.0 612.0 438.0 570.0 120.0 584.0 118.0 560.0 130.0 594.0 126.0
576.0 124.0 580.0 164.0 546.0 160.0 548.0 208.0 584.0 238.0 610.0 168.0 612.0 220.0 560.0 236.0 550.0 280.0 546.0 368.0 534.0 428.0 590.0 280.0 608.0 358.0 612.0 438.0 570.0 120.0 584.0 118.0 560.0 130.0 594.0 126.0
574.0 128.0 574.0 166.0 542.0 164.0 542.0 224.0 584.0 238.0 606.0 170.0 614.0 224.0 560.0 232.0 544.0 280.0 542.0 364.0 536.0 428.0 588.0 280.0 596.0 356.0 600.0 420.0 566.0 122.0 580.0 120.0 556.0 132.0 592.0 128.0
574.0 128.0 574.0 168.0 542.0 164.0 542.0 226.0 544.0 238.0 606.0 170.0 614.0 224.0 560.0 232.0 544.0 280.0 540.0 364.0 536.0 428.0 588.0 282.0 596.0 356.0 600.0 420.0 566.0 122.0 580.0 122.0 556.0 132.0 592.0 128.0
574.0 128.0 574.0 168.0 542.0 164.0 542.0 226.0 544.0 238.0 606.0 170.0 614.0 224.0 562.0 232.0 544.0 280.0 540.0 364.0 536.0 428.0 586.0 282.0 596.0 354.0 600.0 420.0 566.0 122.0 580.0 122.0 556.0 132.0 592.0 128.0
570.0 130.0 570.0 172.0 536.0 168.0 528.0 226.0 534.0 282.0 602.0 174.0 616.0 226.0 564.0 232.0 542.0 280.0 538.0 364.0 536.0 428.0 582.0 282.0 580.0 350.0 588.0 406.0 562.0 124.0 576.0 124.0 552.0 134.0 588.0 130.0
570.0 130.0 570.0 172.0 536.0 168.0 528.0 228.0 534.0 282.0 602.0 174.0 616.0 226.0 564.0 232.0 542.0 280.0 538.0 364.0 536.0 430.0 582.0 282.0 580.0 350.0 588.0 406.0 562.0 124.0 576.0 124.0 552.0 134.0 588.0 130.0
566.0 132.0 564.0 174.0 530.0 170.0 516.0 228.0 516.0 282.0 598.0 176.0 618.0 228.0 574.0 234.0 540.0 282.0 534.0 360.0 536.0 430.0 578.0 282.0 568.0 350.0 578.0 398.0 558.0 126.0 574.0 124.0 550.0 134.0 584.0 130.0
566.0 132.0 564.0 174.0 530.0 170.0 516.0 228.0 516.0 282.0 598.0 176.0 618.0 228.0 574.0 234.0 540.0 282.0 534.0 360.0 536.0 430.0 578.0 282.0 566.0 350.0 578.0 398.0 558.0 126.0 574.0 124.0 550.0 134.0 584.0 130.0
566.0 132.0 564.0 174.0 530.0 170.0 516.0 228.0 516.0 282.0 598.0 176.0 618.0 228.0 574.0 234.0 540.0 282.0 534.0 360.0 536.0 430.0 578.0 282.0 566.0 350.0 576.0 398.0 558.0 126.0 574.0 124.0 550.0 134.0 584.0 130.0
564.0 132.0 562.0 174.0 526.0 172.0 504.0 228.0 502.0 282.0 598.0 176.0 618.0 228.0 582.0 240.0 528.0 282.0 528.0 360.0 534.0 430.0 570.0 282.0 552.0 350.0 566.0 398.0 556.0 126.0 570.0 124.0 546.0 134.0 582.0 130.0
564.0 132.0 562.0 174.0 526.0 172.0 504.0 228.0 502.0 282.0 598.0 176.0 618.0 228.0 582.0 240.0 528.0 282.0 528.0 360.0 534.0 430.0 570.0 282.0 552.0 350.0 564.0 398.0 556.0 126.0 570.0 124.0 546.0 134.0 582.0 130.0
560.0 130.0 560.0 172.0 524.0 172.0 498.0 226.0 492.0 274.0 596.0 172.0 612.0 224.0 590.0 248.0 526.0 278.0 522.0 356.0 534.0 428.0 570.0 282.0 542.0 344.0 556.0 398.0 552.0 124.0 568.0 122.0 544.0 134.0 578.0 128.0
560.0 130.0 560.0 172.0 524.0 170.0 498.0 226.0 492.0 274.0 596.0 172.0 612.0 224.0 590.0 248.0 526.0 278.0 522.0 356.0 532.0 428.0 570.0 282.0 542.0 344.0 556.0 398.0 552.0 124.0 566.0 122.0 544.0 134.0 578.0 128.0
558.0 128.0 558.0 168.0 524.0 166.0 498.0 218.0 492.0 264.0 594.0 168.0 604.0 222.0 596.0 254.0 524.0 272.0 520.0 350.0 532.0 426.0 568.0 276.0 538.0 344.0 548.0 400.0 550.0 122.0 564.0 120.0 542.0 130.0 576.0 124.0
558.0 128.0 558.0 168.0 524.0 166.0 498.0 218.0 492.0 264.0 594.0 168.0 604.0 222.0 596.0 254.0 524.0 270.0 520.0 350.0 530.0 426.0 568.0 276.0 538.0 344.0 548.0 400.0 550.0 122.0 564.0 120.0 542.0 130.0 576.0 124.0
558.0 128.0 558.0 168.0 524.0 166.0 498.0 218.0 492.0 264.0 594.0 168.0 604.0 222.0 596.0 254.0 524.0 270.0 520.0 348.0 530.0 426.0 568.0 276.0 538.0 344.0 548.0 400.0 550.0 122.0 564.0 120.0 542.0 130.0 576.0 124.0
556.0 126.0 558.0 164.0 524.0 162.0 502.0 214.0 496.0 258.0 594.0 166.0 596.0 222.0 596.0 264.0 522.0 270.0 516.0 346.0 526.0 420.0 562.0 276.0 536.0 346.0 542.0 422.0 548.0 120.0 562.0 118.0 540.0 126.0 574.0 120.0
556.0 126.0 558.0 164.0 524.0 162.0 502.0 214.0 496.0 258.0 594.0 166.0 596.0 222.0 596.0 266.0 522.0 270.0 516.0 346.0 526.0 420.0 562.0 276.0 536.0 346.0 542.0 422.0 548.0 120.0 562.0 118.0 540.0 126.0 574.0 120.0
554.0 126.0 558.0 164.0 522.0 162.0 502.0 212.0 502.0 250.0 594.0 166.0 596.0 226.0 590.0 276.0 520.0 270.0 510.0 348.0 518.0 420.0 562.0 276.0 536.0 346.0 542.0 430.0 546.0 120.0 560.0 118.0 538.0 126.0 572.0 118.0
554.0 126.0 558.0 164.0 522.0 162.0 504.0 212.0 504.0 250.0 594.0 166.0 596.0 226.0 590.0 278.0 520.0 270.0 510.0 350.0 518.0 420.0 562.0 276.0 536.0 346.0 542.0 430.0 546.0 120.0 560.0 118.0 538.0 126.0 572.0 118.0
554.0 126.0 558.0 164.0 522.0 162.0 504.0 212.0 504.0 250.0 594.0 166.0 596.0 226.0 590.0 278.0 520.0 270.0 510.0 350.0 518.0 420.0 560.0 276.0 536.0 346.0 542.0 430.0 546.0 120.0 560.0 118.0 538.0 126.0 572.0 118.0
550.0 126.0 558.0 164.0 520.0 162.0 506.0 210.0 504.0 248.0 594.0 168.0 596.0 228.0 588.0 278.0 518.0 270.0 504.0 350.0 502.0 430.0 560.0 276.0 538.0 360.0 548.0 436.0 542.0 120.0 556.0 118.0 534.0 126.0 570.0 118.0
550.0 126.0 558.0 164.0 520.0 162.0 506.0 210.0 504.0 248.0 594.0 168.0 596.0 228.0 588.0 280.0 516.0 270.0 504.0 350.0 502.0 430.0 560.0 276.0 538.0 360.0 548.0 436.0 542.0 120.0 556.0 118.0 534.0 126.0 570.0 118.0
548.0 128.0 554.0 166.0 520.0 164.0 508.0 210.0 504.0 248.0 588.0 168.0 596.0 228.0 586.0 284.0 516.0 270.0 492.0 350.0 476.0 430.0 560.0 278.0 540.0 360.0 548.0 438.0 540.0 122.0 554.0 120.0 532.0 126.0 568.0 118.0
548.0 128.0 554.0 166.0 520.0 164.0 508.0 210.0 504.0 248.0 588.0 168.0 596.0 228.0 586.0 284.0 516.0 270.0 492.0 350.0 474.0 430.0 560.0 278.0 540.0 360.0 548.0 438.0 540.0 122.0 554.0 120.0 532.0 126.0 568.0 118.0
546.0 132.0 552.0 168.0 520.0 166.0 508.0 212.0 504.0 250.0 580.0 170.0 594.0 230.0 584.0 288.0 516.0 270.0 486.0 334.0 450.0 404.0 558.0 278.0 540.0 360.0 548.0 438.0 536.0 126.0 550.0 122.0 530.0 130.0 564.0 122.0
544.0 132.0 552.0 168.0 520.0 166.0 508.0 212.0 504.0 250.0 580.0 170.0 592.0 230.0 584.0 288.0 516.0 270.0 486.0 334.0 450.0 404.0 558.0 278.0 540.0 360.0 548.0 438.0 536.0 126.0 550.0 122.0 530.0 130.0 564.0 122.0
540.0 136.0 548.0 170.0 520.0 170.0 506.0 222.0 498.0 258.0 576.0 172.0 588.0 232.0 580.0 298.0 516.0 270.0 480.0 324.0 444.0 378.0 556.0 278.0 540.0 360.0 548.0 438.0 532.0 130.0 546.0 126.0 526.0 134.0 562.0 126.0
540.0 136.0 548.0 170.0 520.0 170.0 506.0 222.0 496.0 260.0 576.0 172.0 586.0 232.0 580.0 298.0 514.0 270.0 480.0 324.0 444.0 376.0 554.0 278.0 540.0 360.0 548.0 438.0 532.0 130.0 546.0 126.0 526.0 134.0 562.0 126.0
540.0 136.0 548.0 172.0 520.0 170.0 506.0 222.0 496.0 260.0 574.0 172.0 586.0 234.0 580.0 300.0 514.0 270.0 478.0 324.0 434.0 376.0 554.0 282.0 540.0 360.0 548.0 438.0 532.0 130.0 546.0 126.0 526.0 134.0 562.0 126.0
536.0 138.0 544.0 174.0 518.0 172.0 504.0 222.0 482.0 260.0 570.0 176.0 580.0 240.0 572.0 300.0 512.0 270.0 464.0 304.0 416.0 350.0 546.0 282.0 540.0 360.0 548.0 438.0 528.0 132.0 542.0 130.0 524.0 138.0 558.0 130.0
536.0 138.0 544.0 174.0 518.0 172.0 504.0 222.0 480.0 260.0 570.0 176.0 580.0 240.0 572.0 300.0 512.0 270.0 464.0 304.0 416.0 350.0 546.0 282.0 540.0 360.0 548.0 438.0 528.0 134.0 542.0 130.0 524.0 138.0 558.0 130.0
536.0 138.0 544.0 174.0 518.0 172.0 504.0 222.0 480.0 260.0 570.0 176.0 580.0 240.0 572.0 300.0 512.0 270.0 464.0 304.0 416.0 348.0 546.0 282.0 540.0 362.0 548.0 438.0 528.0 134.0 542.0 130.0 524.0 138.0 558.0 130.0
530.0 142.0 540.0 176.0 516.0 172.0 504.0 222.0 476.0 248.0 566.0 178.0 570.0 244.0 556.0 300.0 512.0 270.0 456.0 292.0 398.0 334.0 546.0 282.0 540.0 364.0 548.0 438.0 524.0 136.0 536.0 134.0 516.0 138.0 554.0 134.0
530.0 142.0 540.0 176.0 516.0 172.0 504.0 222.0 476.0 248.0 566.0 178.0 570.0 244.0 556.0 300.0 512.0 270.0 456.0 292.0 398.0 334.0 546.0 284.0 540.0 364.0 548.0 438.0 524.0 136.0 536.0 134.0 516.0 138.0 554.0 134.0
526.0 144.0 538.0 176.0 512.0 172.0 498.0 220.0 476.0 224.0 562.0 178.0 562.0 248.0 540.0 286.0 512.0 270.0 454.0 270.0 394.0 334.0 546.0 286.0 540.0 364.0 546.0 438.0 518.0 138.0 532.0 134.0 504.0 134.0 548.0 134.0
526.0 144.0 538.0 176.0 512.0 172.0 498.0 220.0 476.0 224.0 562.0 178.0 562.0 248.0 538.0 284.0 512.0 270.0 454.0 270.0 394.0 334.0 546.0 286.0 542.0 364.0 546.0 438.0 518.0 138.0 532.0 134.0 504.0 134.0 548.0 134.0
520.0 144.0 534.0 176.0 508.0 172.0 496.0 220.0 476.0 208.0 558.0 178.0 558.0 248.0 508.0 252.0 508.0 270.0 448.0 270.0 394.0 334.0 546.0 286.0 542.0 364.0 540.0 438.0 514.0 138.0 526.0 136.0 520.0 139.0 544.0 136.0
520.0 144.0 534.0 176.0 508.0 172.0 494.0 220.0 476.0 208.0 558.0 178.0 558.0 248.0 508.0 252.0 508.0 266.0 448.0 270.0 394.0 336.0 546.0 278.0 542.0 364.0 540.0 438.0 514.0 138.0 526.0 136.0 516.0 140.0 544.0 136.0
520.0 144.0 534.0 174.0 508.0 172.0 494.0 220.0 476.0 208.0 558.0 178.0 558.0 248.0 508.0 252.0 508.0 268.0 448.0 270.0 394.0 336.0 546.0 278.0 542.0 364.0 540.0 438.0 514.0 138.0 526.0 136.0 516.0 140.0 544.0 136.0
516.0 146.0 530.0 174.0 508.0 176.0 492.0 232.0 478.0 208.0 558.0 174.0 550.0 238.0 508.0 214.0 506.0 268.0 442.0 270.0 400.0 348.0 546.0 280.0 548.0 364.0 540.0 440.0 508.0 140.0 522.0 136.0 504.0 144.0 540.0 136.0
516.0 146.0 530.0 174.0 508.0 176.0 492.0 232.0 478.0 208.0 558.0 174.0 550.0 238.0 508.0 214.0 506.0 268.0 440.0 270.0 400.0 348.0 546.0 280.0 548.0 364.0 540.0 440.0 508.0 140.0 522.0 136.0 504.0 144.0 540.0 136.0
512.0 148.0 530.0 174.0 508.0 178.0 486.0 232.0 478.0 208.0 556.0 172.0 540.0 230.0 508.0 198.0 500.0 268.0 436.0 282.0 408.0 356.0 542.0 280.0 548.0 366.0 540.0 440.0 506.0 142.0 518.0 138.0 504.0 144.0 536.0 138.0
512.0 148.0 530.0 176.0 504.0 178.0 486.0 234.0 478.0 208.0 556.0 172.0 540.0 230.0 508.0 198.0 500.0 268.0 436.0 282.0 408.0 358.0 542.0 280.0 548.0 366.0 540.0 440.0 506.0 142.0 518.0 138.0 501.0 147.0 536.0 138.0
512.0 148.0 530.0 176.0 504.0 178.0 486.0 232.0 478.0 208.0 556.0 172.0 540.0 230.0 508.0 198.0 500.0 268.0 436.0 282.0 408.0 358.0 542.0 280.0 548.0 366.0 540.0 440.0 506.0 142.0 518.0 138.0 498.0 148.0 536.0 138.0
510.0 150.0 524.0 176.0 494.0 184.0 486.0 232.0 468.0 220.0 556.0 168.0 538.0 226.0 496.0 198.0 494.0 270.0 430.0 298.0 412.0 378.0 536.0 286.0 546.0 370.0 540.0 440.0 504.0 144.0 518.0 140.0 498.0 148.0 534.0 138.0
510.0 150.0 524.0 176.0 494.0 184.0 486.0 232.0 468.0 220.0 554.0 168.0 538.0 226.0 496.0 198.0 494.0 270.0 430.0 298.0 412.0 378.0 536.0 286.0 546.0 370.0 540.0 442.0 504.0 144.0 518.0 140.0 498.0 148.0 534.0 138.0
510.0 150.0 524.0 176.0 494.0 184.0 484.0 232.0 450.0 238.0 554.0 166.0 538.0 222.0 496.0 230.0 490.0 274.0 426.0 310.0 418.0 394.0 532.0 286.0 540.0 370.0 540.0 442.0 502.0 146.0 516.0 140.0 498.0 148.0 532.0 138.0
510.0 150.0 524.0 176.0 494.0 184.0 484.0 232.0 448.0 238.0 554.0 166.0 538.0 222.0 496.0 230.0 490.0 274.0 426.0 310.0 418.0 394.0 532.0 286.0 540.0 370.0 540.0 442.0 502.0 146.0 516.0 140.0 498.0 148.0 532.0 138.0
508.0 150.0 522.0 170.0 492.0 176.0 468.0 220.0 448.0 260.0 550.0 164.0 538.0 218.0 500.0 258.0 486.0 274.0 426.0 324.0 420.0 416.0 528.0 286.0 532.0 370.0 540.0 442.0 502.0 146.0 514.0 142.0 494.0 148.0 530.0 138.0
508.0 150.0 522.0 170.0 492.0 176.0 468.0 220.0 448.0 260.0 550.0 164.0 538.0 218.0 500.0 260.0 486.0 274.0 426.0 324.0 420.0 416.0 528.0 286.0 532.0 370.0 540.0 442.0 502.0 146.0 514.0 142.0 490.0 148.0 530.0 138.0
508.0 150.0 522.0 170.0 492.0 176.0 468.0 220.0 448.0 260.0 550.0 164.0 538.0 218.0 500.0 260.0 486.0 274.0 426.0 324.0 420.0 416.0 528.0 286.0 532.0 372.0 540.0 442.0 502.0 146.0 514.0 142.0 490.0 148.0 530.0 138.0
504.0 150.0 514.0 170.0 486.0 172.0 464.0 220.0 450.0 266.0 542.0 164.0 538.0 218.0 528.0 274.0 484.0 274.0 426.0 336.0 422.0 430.0 522.0 286.0 526.0 372.0 542.0 442.0 498.0 144.0 510.0 142.0 490.0 148.0 526.0 138.0
504.0 150.0 514.0 170.0 486.0 172.0 464.0 220.0 450.0 266.0 542.0 164.0 538.0 218.0 528.0 274.0 484.0 274.0 426.0 336.0 422.0 430.0 522.0 288.0 526.0 372.0 542.0 442.0 498.0 144.0 510.0 142.0 484.0 146.0 526.0 138.0
498.0 148.0 506.0 168.0 478.0 172.0 458.0 220.0 464.0 266.0 534.0 166.0 546.0 218.0 544.0 274.0 476.0 284.0 426.0 342.0 430.0 436.0 518.0 292.0 522.0 372.0 548.0 442.0 490.0 142.0 504.0 140.0 466.0 142.0 520.0 138.0
498.0 148.0 506.0 168.0 478.0 170.0 458.0 220.0 464.0 266.0 534.0 166.0 546.0 218.0 544.0 274.0 476.0 284.0 426.0 342.0 430.0 436.0 518.0 292.0 522.0 372.0 548.0 442.0 490.0 142.0 504.0 140.0 466.0 142.0 520.0 138.0
498.0 148.0 506.0 168.0 478.0 170.0 458.0 220.0 464.0 264.0 534.0 166.0 546.0 218.0 544.0 274.0 476.0 286.0 426.0 342.0 430.0 436.0 518.0 292.0 522.0 372.0 548.0 442.0 490.0 142.0 504.0 140.0 466.0 142.0 520.0 138.0
490.0 148.0 500.0 168.0 472.0 170.0 452.0 216.0 468.0 254.0 528.0 166.0 562.0 216.0 554.0 268.0 472.0 288.0 426.0 342.0 430.0 436.0 512.0 292.0 518.0 372.0 556.0 442.0 484.0 142.0 498.0 140.0 470.0 144.0 514.0 138.0
490.0 148.0 500.0 168.0 472.0 170.0 452.0 216.0 468.0 254.0 528.0 166.0 562.0 214.0 556.0 266.0 472.0 288.0 426.0 342.0 428.0 436.0 512.0 292.0 518.0 372.0 556.0 442.0 484.0 142.0 498.0 140.0 466.0 142.0 514.0 138.0
484.0 146.0 496.0 168.0 468.0 170.0 444.0 210.0 468.0 234.0 524.0 166.0 572.0 204.0 562.0 254.0 466.0 288.0 420.0 342.0 426.0 434.0 504.0 292.0 518.0 372.0 560.0 442.0 478.0 142.0 492.0 138.0 466.0 142.0 508.0 138.0
484.0 146.0 496.0 168.0 468.0 170.0 444.0 210.0 468.0 234.0 524.0 166.0 572.0 204.0 562.0 254.0 466.0 288.0 420.0 342.0 426.0 434.0 504.0 292.0 518.0 372.0 560.0 442.0 478.0 142.0 492.0 138.0 466.0 144.0 508.0 138.0
480.0 146.0 492.0 170.0 464.0 170.0 438.0 210.0 468.0 218.0 520.0 168.0 574.0 194.0 562.0 240.0 462.0 288.0 414.0 342.0 422.0 434.0 500.0 292.0 514.0 372.0 560.0 442.0 472.0 140.0 486.0 138.0 466.0 142.0 502.0 138.0
480.0 146.0 492.0 170.0 464.0 170.0 438.0 210.0 468.0 218.0 520.0 168.0 574.0 194.0 562.0 240.0 462.0 286.0 414.0 342.0 422.0 434.0 500.0 292.0 514.0 374.0 560.0 442.0 472.0 140.0 486.0 138.0 466.0 142.0 502.0 138.0
480.0 146.0 492.0 170.0 464.0 170.0 438.0 210.0 468.0 218.0 520.0 168.0 574.0 194.0 562.0 240.0 462.0 286.0 414.0 342.0 422.0 434.0 500.0 292.0 514.0 374.0 560.0 442.0 472.0 140.0 486.0 138.0 466.0 142.0 502.0 138.0
474.0 146.0 488.0 170.0 460.0 170.0 436.0 210.0 468.0 210.0 518.0 170.0 574.0 188.0 562.0 228.0 460.0 286.0 410.0 342.0 422.0 434.0 496.0 292.0 514.0 374.0 558.0 444.0 468.0 140.0 480.0 138.0 466.0 143.0 498.0 138.0
474.0 146.0 488.0 170.0 460.0 170.0 436.0 210.0 468.0 210.0 518.0 170.0 574.0 188.0 562.0 228.0 458.0 286.0 410.0 342.0 422.0 434.0 496.0 292.0 514.0 374.0 558.0 444.0 468.0 140.0 480.0 138.0 466.0 143.0 498.0 138.0
470.0 146.0 486.0 170.0 454.0 170.0 436.0 216.0 468.0 210.0 518.0 170.0 570.0 188.0 552.0 228.0 456.0 286.0 406.0 346.0 422.0 434.0 496.0 292.0 514.0 376.0 558.0 444.0 464.0 140.0 476.0 138.0 466.0 142.0 494.0 138.0
470.0 146.0 486.0 170.0 454.0 170.0 436.0 216.0 466.0 210.0 516.0 170.0 570.0 188.0 552.0 228.0 454.0 286.0 406.0 346.0 422.0 434.0 496.0 292.0 514.0 376.0 558.0 444.0 464.0 140.0 476.0 138.0 466.0 142.0 494.0 138.0
470.0 146.0 484.0 170.0 454.0 170.0 436.0 216.0 466.0 210.0 516.0 170.0 570.0 188.0 552.0 228.0 454.0 288.0 406.0 346.0 422.0 434.0 496.0 292.0 516.0 376.0 558.0 444.0 464.0 140.0 476.0 138.0 466.0 143.0 494.0 138.0
466.0 146.0 482.0 178.0 450.0 176.0 436.0 222.0 460.0 232.0 516.0 176.0 566.0 202.0 548.0 238.0 450.0 288.0 400.0 346.0 422.0 434.0 496.0 292.0 516.0 376.0 558.0 444.0 460.0 140.0 472.0 138.0 466.0 144.0 490.0 138.0
466.0 146.0 482.0 178.0 450.0 178.0 436.0 222.0 460.0 232.0 516.0 176.0 566.0 202.0 546.0 238.0 450.0 288.0 400.0 346.0 422.0 434.0 496.0 292.0 516.0 376.0 558.0 444.0 460.0 140.0 472.0 138.0 460.0 143.0 490.0 138.0
462.0 146.0 476.0 182.0 442.0 182.0 432.0 236.0 450.0 266.0 512.0 180.0 556.0 224.0 540.0 266.0 450.0 290.0 398.0 346.0 422.0 434.0 496.0 298.0 516.0 372.0 558.0 444.0 456.0 140.0 470.0 138.0 454.0 142.0 486.0 138.0
462.0 146.0 476.0 182.0 442.0 182.0 432.0 236.0 450.0 266.0 512.0 180.0 554.0 224.0 540.0 266.0 450.0 290.0 398.0 346.0 422.0 434.0 496.0 298.0 516.0 370.0 558.0 444.0 456.0 140.0 470.0 138.0 454.0 142.0 486.0 138.0
462.0 148.0 474.0 184.0 440.0 182.0 430.0 238.0 430.0 282.0 510.0 186.0 538.0 242.0 530.0 288.0 450.0 288.0 398.0 350.0 422.0 432.0 496.0 292.0 516.0 370.0 558.0 442.0 454.0 142.0 468.0 140.0 454.0 142.0 484.0 138.0
462.0 148.0 474.0 184.0 440.0 182.0 430.0 238.0 428.0 282.0 510.0 186.0 536.0 242.0 530.0 288.0 450.0 288.0 398.0 350.0 422.0 432.0 496.0 292.0 516.0 370.0 558.0 442.0 454.0 142.0 468.0 140.0 454.0 142.0 484.0 138.0
460.0 150.0 472.0 184.0 440.0 182.0 424.0 238.0 406.0 282.0 506.0 186.0 518.0 242.0 512.0 294.0 444.0 288.0 400.0 356.0 420.0 432.0 492.0 292.0 516.0 366.0 560.0 442.0 454.0 144.0 466.0 142.0 454.0 142.0 484.0 138.0
460.0 150.0 472.0 184.0 438.0 182.0 424.0 238.0 406.0 282.0 506.0 186.0 518.0 242.0 510.0 296.0 444.0 288.0 400.0 356.0 420.0 432.0 492.0 292.0 516.0 366.0 560.0 442.0 454.0 144.0 466.0 142.0 454.0 142.0 484.0 138.0
460.0 150.0 472.0 184.0 438.0 182.0 424.0 238.0 406.0 282.0 506.0 186.0 518.0 242.0 510.0 296.0 444.0 288.0 400.0 356.0 420.0 432.0 492.0 292.0 516.0 364.0 560.0 442.0 454.0 144.0 466.0 142.0 454.0 142.0 484.0 138.0
460.0 152.0 472.0 182.0 440.0 180.0 414.0 232.0 390.0 276.0 504.0 184.0 508.0 246.0 494.0 296.0 444.0 288.0 404.0 358.0 414.0 432.0 492.0 292.0 522.0 362.0 560.0 442.0 452.0 146.0 464.0 142.0 454.0 142.0 482.0 138.0
460.0 152.0 472.0 182.0 440.0 180.0 414.0 232.0 390.0 276.0 504.0 184.0 508.0 248.0 494.0 294.0 444.0 288.0 404.0 358.0 414.0 432.0 492.0 292.0 522.0 362.0 560.0 442.0 452.0 146.0 464.0 142.0 0.0 0.0 482.0 138.0
460.0 152.0 472.0 182.0 438.0 180.0 414.0 232.0 390.0 276.0 504.0 184.0 508.0 242.0 494.0 294.0 444.0 288.0 404.0 358.0 414.0 432.0 492.0 290.0 522.0 364.0 560.0 442.0 452.0 146.0 464.0 142.0 0.0 0.0 482.0 138.0
458.0 152.0 472.0 180.0 438.0 178.0 406.0 224.0 372.0 268.0 502.0 184.0 494.0 242.0 472.0 292.0 444.0 288.0 412.0 362.0 406.0 430.0 492.0 290.0 522.0 364.0 560.0 440.0 452.0 146.0 464.0 144.0 0.0 0.0 482.0 140.0
458.0 152.0 472.0 180.0 438.0 178.0 406.0 224.0 372.0 268.0 502.0 184.0 494.0 242.0 472.0 292.0 444.0 288.0 412.0 362.0 406.0 430.0 492.0 290.0 522.0 364.0 560.0 440.0 452.0 146.0 464.0 144.0 0.0 0.0 482.0 140.0
458.0 154.0 470.0 180.0 438.0 178.0 400.0 220.0 360.0 254.0 502.0 182.0 488.0 230.0 456.0 276.0 448.0 288.0 420.0 362.0 402.0 428.0 492.0 290.0 522.0 364.0 560.0 440.0 450.0 148.0 464.0 146.0 0.0 0.0 480.0 140.0
458.0 154.0 470.0 180.0 438.0 178.0 400.0 220.0 360.0 254.0 502.0 180.0 488.0 230.0 456.0 276.0 448.0 288.0 420.0 362.0 402.0 428.0 492.0 290.0 522.0 364.0 560.0 440.0 450.0 148.0 464.0 146.0 0.0 0.0 480.0 140.0
456.0 154.0 470.0 178.0 438.0 178.0 398.0 212.0 354.0 240.0 500.0 180.0 482.0 228.0 442.0 268.0 448.0 288.0 426.0 362.0 400.0 428.0 492.0 290.0 522.0 364.0 560.0 442.0 450.0 150.0 462.0 146.0 0.0 0.0 480.0 142.0
456.0 154.0 470.0 178.0 438.0 178.0 398.0 212.0 354.0 240.0 500.0 180.0 482.0 228.0 440.0 268.0 448.0 288.0 426.0 362.0 400.0 428.0 492.0 290.0 522.0 364.0 560.0 442.0 450.0 150.0 462.0 146.0 0.0 0.0 480.0 142.0
456.0 154.0 470.0 178.0 438.0 178.0 398.0 212.0 354.0 240.0 500.0 180.0 482.0 224.0 440.0 268.0 448.0 288.0 426.0 360.0 400.0 428.0 492.0 290.0 522.0 364.0 560.0 442.0 450.0 150.0 462.0 146.0 0.0 0.0 480.0 142.0
456.0 156.0 470.0 178.0 438.0 178.0 398.0 212.0 354.0 232.0 500.0 180.0 470.0 224.0 426.0 258.0 448.0 290.0 426.0 360.0 400.0 430.0 492.0 290.0 520.0 364.0 560.0 442.0 450.0 150.0 462.0 146.0 0.0 0.0 480.0 142.0
456.0 156.0 470.0 178.0 438.0 178.0 398.0 212.0 354.0 230.0 500.0 180.0 470.0 224.0 426.0 258.0 448.0 290.0 426.0 360.0 400.0 430.0 490.0 290.0 520.0 364.0 560.0 442.0 450.0 152.0 462.0 148.0 0.0 0.0 480.0 142.0
456.0 156.0 470.0 176.0 438.0 178.0 398.0 212.0 350.0 230.0 502.0 176.0 470.0 224.0 426.0 254.0 448.0 290.0 424.0 360.0 400.0 430.0 490.0 292.0 520.0 364.0 560.0 442.0 450.0 152.0 462.0 148.0 0.0 0.0 480.0 142.0
456.0 158.0 470.0 176.0 438.0 178.0 398.0 212.0 350.0 230.0 502.0 176.0 470.0 222.0 426.0 254.0 448.0 290.0 422.0 362.0 400.0 430.0 490.0 294.0 520.0 364.0 560.0 442.0 450.0 152.0 462.0 148.0 0.0 0.0 480.0 142.0
456.0 158.0 470.0 176.0 438.0 180.0 400.0 212.0 350.0 232.0 502.0 176.0 470.0 222.0 426.0 254.0 448.0 290.0 422.0 362.0 400.0 430.0 490.0 294.0 520.0 364.0 560.0 442.0 450.0 152.0 462.0 148.0 0.0 0.0 478.0 142.0
456.0 158.0 470.0 176.0 438.0 180.0 400.0 216.0 350.0 232.0 502.0 174.0 474.0 218.0 428.0 254.0 444.0 290.0 416.0 362.0 400.0 430.0 488.0 294.0 518.0 364.0 560.0 442.0 450.0 154.0 462.0 148.0 0.0 0.0 478.0 142.0
456.0 158.0 470.0 176.0 438.0 180.0 400.0 216.0 350.0 234.0 502.0 174.0 474.0 218.0 428.0 254.0 444.0 290.0 416.0 362.0 400.0 430.0 488.0 294.0 518.0 364.0 560.0 442.0 450.0 154.0 462.0 148.0 0.0 0.0 478.0 142.0
456.0 160.0 470.0 176.0 440.0 180.0 404.0 218.0 356.0 250.0 502.0 170.0 484.0 218.0 428.0 254.0 444.0 290.0 410.0 360.0 400.0 428.0 488.0 294.0 516.0 364.0 560.0 442.0 450.0 154.0 462.0 150.0 0.0 0.0 478.0 142.0
456.0 160.0 470.0 176.0 440.0 180.0 404.0 218.0 356.0 250.0 502.0 170.0 484.0 218.0 428.0 254.0 444.0 288.0 410.0 360.0 400.0 428.0 488.0 294.0 516.0 364.0 560.0 444.0 450.0 154.0 462.0 150.0 0.0 0.0 478.0 142.0
456.0 160.0 470.0 176.0 440.0 180.0 410.0 222.0 374.0 266.0 500.0 170.0 494.0 224.0 442.0 258.0 440.0 288.0 396.0 354.0 400.0 428.0 488.0 294.0 516.0 366.0 558.0 444.0 448.0 154.0 462.0 150.0 0.0 0.0 478.0 142.0
456.0 160.0 470.0 176.0 440.0 180.0 410.0 222.0 374.0 266.0 500.0 170.0 496.0 224.0 444.0 260.0 440.0 288.0 396.0 354.0 400.0 426.0 488.0 294.0 516.0 366.0 558.0 444.0 448.0 154.0 462.0 150.0 0.0 0.0 478.0 142.0
454.0 158.0 468.0 176.0 438.0 180.0 412.0 230.0 394.0 274.0 498.0 170.0 504.0 228.0 478.0 266.0 440.0 288.0 390.0 348.0 400.0 426.0 488.0 294.0 516.0 368.0 558.0 444.0 448.0 152.0 460.0 150.0 0.0 0.0 476.0 142.0
454.0 158.0 468.0 176.0 438.0 180.0 412.0 230.0 394.0 274.0 498.0 170.0 504.0 228.0 478.0 266.0 440.0 288.0 390.0 348.0 400.0 426.0 488.0 294.0 516.0 368.0 558.0 444.0 448.0 152.0 460.0 150.0 0.0 0.0 476.0 142.0
454.0 158.0 468.0 176.0 438.0 180.0 412.0 230.0 394.0 274.0 498.0 170.0 504.0 228.0 478.0 266.0 440.0 288.0 390.0 348.0 400.0 426.0 488.0 294.0 516.0 368.0 558.0 444.0 448.0 152.0 460.0 150.0 0.0 0.0 476.0 142.0
452.0 156.0 466.0 176.0 436.0 180.0 412.0 230.0 424.0 274.0 498.0 172.0 526.0 228.0 494.0 266.0 438.0 288.0 388.0 348.0 404.0 426.0 488.0 294.0 514.0 370.0 558.0 444.0 444.0 150.0 458.0 148.0 0.0 0.0 476.0 142.0
452.0 156.0 466.0 176.0 436.0 180.0 412.0 230.0 424.0 274.0 498.0 172.0 526.0 228.0 494.0 266.0 438.0 288.0 386.0 346.0 404.0 426.0 488.0 294.0 514.0 370.0 558.0 444.0 444.0 150.0 458.0 148.0 0.0 0.0 476.0 142.0
452.0 156.0 466.0 176.0 436.0 180.0 412.0 230.0 424.0 274.0 498.0 172.0 526.0 228.0 494.0 266.0 440.0 288.0 386.0 346.0 404.0 426.0 488.0 294.0 514.0 370.0 558.0 444.0 444.0 150.0 458.0 148.0 0.0 0.0 476.0 142.0
450.0 156.0 466.0 176.0 436.0 178.0 412.0 224.0 440.0 254.0 498.0 172.0 544.0 216.0 512.0 252.0 440.0 288.0 386.0 346.0 406.0 426.0 488.0 294.0 514.0 374.0 558.0 444.0 444.0 150.0 456.0 146.0 0.0 0.0 476.0 142.0
450.0 156.0 466.0 176.0 436.0 178.0 412.0 224.0 440.0 254.0 498.0 172.0 544.0 216.0 512.0 252.0 440.0 288.0 388.0 346.0 406.0 426.0 488.0 294.0 514.0 376.0 558.0 444.0 444.0 150.0 456.0 146.0 0.0 0.0 476.0 142.0
450.0 154.0 468.0 176.0 436.0 178.0 416.0 224.0 452.0 242.0 498.0 172.0 552.0 206.0 518.0 244.0 440.0 288.0 388.0 346.0 406.0 426.0 490.0 294.0 516.0 380.0 558.0 444.0 444.0 148.0 456.0 146.0 0.0 0.0 476.0 142.0
450.0 154.0 468.0 176.0 436.0 178.0 416.0 224.0 452.0 242.0 498.0 172.0 552.0 206.0 518.0 244.0 440.0 288.0 388.0 346.0 406.0 426.0 490.0 296.0 516.0 380.0 558.0 444.0 444.0 148.0 456.0 146.0 0.0 0.0 476.0 142.0
450.0 154.0 468.0 176.0 438.0 178.0 422.0 228.0 464.0 234.0 498.0 172.0 552.0 206.0 518.0 238.0 442.0 288.0 390.0 346.0 408.0 428.0 490.0 296.0 516.0 380.0 558.0 444.0 444.0 148.0 456.0 144.0 0.0 0.0 476.0 140.0
450.0 154.0 468.0 176.0 438.0 178.0 422.0 228.0 464.0 234.0 498.0 170.0 552.0 206.0 518.0 238.0 442.0 288.0 390.0 346.0 408.0 428.0 490.0 296.0 516.0 382.0 558.0 444.0 444.0 148.0 456.0 144.0 0.0 0.0 476.0 140.0
450.0 152.0 468.0 176.0 438.0 178.0 422.0 228.0 464.0 234.0 498.0 170.0 552.0 206.0 518.0 238.0 442.0 288.0 390.0 346.0 408.0 428.0 490.0 296.0 516.0 380.0 558.0 444.0 444.0 148.0 456.0 144.0 0.0 0.0 476.0 140.0
452.0 152.0 472.0 176.0 440.0 182.0 430.0 234.0 470.0 224.0 502.0 170.0 552.0 210.0 508.0 224.0 444.0 288.0 396.0 348.0 412.0 430.0 492.0 296.0 516.0 380.0 558.0 444.0 446.0 148.0 458.0 142.0 0.0 0.0 476.0 140.0
452.0 152.0 472.0 176.0 442.0 182.0 430.0 234.0 470.0 224.0 502.0 170.0 552.0 210.0 508.0 224.0 444.0 288.0 396.0 348.0 412.0 430.0 492.0 296.0 516.0 380.0 558.0 444.0 446.0 148.0 458.0 142.0 0.0 0.0 476.0 140.0
454.0 150.0 474.0 176.0 444.0 182.0 432.0 234.0 470.0 224.0 502.0 172.0 542.0 222.0 498.0 216.0 450.0 288.0 402.0 348.0 412.0 430.0 496.0 296.0 516.0 380.0 558.0 444.0 448.0 146.0 460.0 142.0 0.0 0.0 478.0 140.0
454.0 150.0 474.0 176.0 444.0 182.0 432.0 234.0 470.0 224.0 502.0 172.0 542.0 222.0 498.0 216.0 450.0 290.0 402.0 348.0 412.0 430.0 496.0 296.0 518.0 382.0 558.0 446.0 448.0 146.0 460.0 142.0 0.0 0.0 478.0 140.0
454.0 150.0 474.0 176.0 444.0 182.0 432.0 234.0 470.0 224.0 502.0 172.0 542.0 222.0 498.0 216.0 450.0 290.0 402.0 348.0 412.0 430.0 496.0 296.0 518.0 380.0 558.0 446.0 448.0 146.0 460.0 142.0 0.0 0.0 478.0 140.0
456.0 150.0 476.0 176.0 448.0 182.0 432.0 230.0 468.0 224.0 502.0 172.0 534.0 222.0 486.0 204.0 454.0 290.0 408.0 350.0 416.0 436.0 500.0 296.0 518.0 380.0 562.0 446.0 448.0 146.0 462.0 142.0 0.0 0.0 478.0 140.0
456.0 150.0 476.0 176.0 448.0 182.0 432.0 230.0 468.0 226.0 502.0 172.0 534.0 222.0 486.0 204.0 454.0 290.0 408.0 350.0 416.0 436.0 500.0 296.0 518.0 380.0 562.0 446.0 448.0 146.0 462.0 142.0 0.0 0.0 478.0 140.0
456.0 148.0 476.0 174.0 450.0 182.0 432.0 224.0 448.0 232.0 502.0 168.0 534.0 214.0 486.0 204.0 458.0 290.0 414.0 354.0 418.0 436.0 504.0 296.0 528.0 380.0 568.0 446.0 448.0 144.0 462.0 140.0 0.0 0.0 478.0 138.0
456.0 148.0 476.0 174.0 450.0 182.0 432.0 224.0 448.0 232.0 502.0 168.0 534.0 214.0 486.0 204.0 458.0 290.0 414.0 354.0 418.0 436.0 504.0 296.0 528.0 380.0 568.0 446.0 448.0 144.0 462.0 140.0 0.0 0.0 478.0 138.0
452.0 146.0 474.0 170.0 450.0 176.0 432.0 216.0 422.0 240.0 496.0 164.0 538.0 200.0 498.0 204.0 460.0 292.0 420.0 354.0 428.0 436.0 504.0 296.0 538.0 376.0 582.0 444.0 446.0 140.0 458.0 136.0 0.0 0.0 478.0 136.0
452.0 146.0 474.0 170.0 450.0 176.0 430.0 214.0 422.0 242.0 496.0 164.0 538.0 200.0 498.0 202.0 460.0 292.0 420.0 354.0 428.0 436.0 504.0 296.0 538.0 376.0 582.0 444.0 446.0 140.0 458.0 136.0 0.0 0.0 478.0 134.0
452.0 146.0 474.0 170.0 450.0 176.0 430.0 212.0 420.0 242.0 496.0 164.0 538.0 200.0 498.0 202.0 460.0 292.0 420.0 354.0 428.0 436.0 504.0 296.0 538.0 376.0 582.0 444.0 446.0 140.0 458.0 136.0 0.0 0.0 478.0 134.0
450.0 142.0 470.0 170.0 448.0 176.0 424.0 212.0 386.0 242.0 494.0 162.0 538.0 198.0 498.0 202.0 460.0 292.0 424.0 354.0 448.0 434.0 504.0 292.0 538.0 368.0 594.0 428.0 442.0 136.0 456.0 132.0 0.0 0.0 474.0 134.0
450.0 142.0 470.0 170.0 448.0 176.0 424.0 210.0 386.0 240.0 494.0 162.0 538.0 198.0 498.0 202.0 460.0 292.0 424.0 354.0 448.0 434.0 504.0 292.0 538.0 368.0 594.0 428.0 442.0 136.0 456.0 132.0 0.0 0.0 474.0 134.0
448.0 140.0 466.0 170.0 442.0 176.0 410.0 210.0 378.0 230.0 488.0 162.0 528.0 184.0 568.0 188.0 458.0 292.0 430.0 358.0 470.0 434.0 500.0 290.0 536.0 368.0 608.0 426.0 440.0 134.0 454.0 132.0 0.0 0.0 472.0 134.0
448.0 140.0 466.0 170.0 442.0 176.0 410.0 210.0 378.0 230.0 488.0 162.0 528.0 184.0 568.0 188.0 458.0 292.0 430.0 358.0 470.0 434.0 500.0 290.0 536.0 368.0 608.0 426.0 440.0 134.0 454.0 132.0 0.0 0.0 472.0 134.0
448.0 140.0 466.0 170.0 442.0 176.0 410.0 210.0 378.0 230.0 488.0 162.0 528.0 184.0 568.0 188.0 458.0 292.0 430.0 358.0 470.0 434.0 500.0 290.0 536.0 368.0 608.0 424.0 440.0 134.0 454.0 132.0 0.0 0.0 472.0 134.0
444.0 140.0 460.0 172.0 436.0 178.0 402.0 200.0 378.0 210.0 484.0 166.0 528.0 184.0 568.0 172.0 456.0 292.0 440.0 366.0 488.0 438.0 494.0 290.0 518.0 368.0 608.0 378.0 438.0 134.0 452.0 132.0 0.0 0.0 470.0 134.0
444.0 140.0 460.0 172.0 436.0 178.0 400.0 200.0 378.0 210.0 484.0 166.0 528.0 184.0 568.0 172.0 456.0 292.0 440.0 366.0 488.0 438.0 494.0 290.0 518.0 368.0 608.0 378.0 438.0 134.0 452.0 132.0 0.0 0.0 470.0 136.0
442.0 142.0 458.0 172.0 432.0 178.0 398.0 190.0 376.0 196.0 484.0 166.0 528.0 172.0 558.0 172.0 454.0 292.0 444.0 372.0 490.0 442.0 490.0 290.0 502.0 374.0 594.0 358.0 436.0 136.0 450.0 134.0 0.0 0.0 466.0 136.0
442.0 142.0 458.0 172.0 432.0 178.0 398.0 190.0 376.0 196.0 484.0 166.0 528.0 172.0 556.0 172.0 452.0 292.0 444.0 372.0 490.0 442.0 490.0 292.0 500.0 374.0 594.0 356.0 436.0 136.0 450.0 134.0 0.0 0.0 466.0 136.0
440.0 146.0 458.0 172.0 432.0 178.0 396.0 188.0 356.0 194.0 482.0 166.0 528.0 172.0 516.0 174.0 450.0 292.0 444.0 372.0 490.0 442.0 484.0 292.0 484.0 374.0 492.0 356.0 434.0 140.0 446.0 138.0 0.0 0.0 464.0 138.0
440.0 146.0 458.0 172.0 432.0 178.0 396.0 188.0 356.0 194.0 482.0 166.0 526.0 172.0 516.0 174.0 450.0 292.0 444.0 372.0 490.0 442.0 484.0 292.0 484.0 374.0 492.0 356.0 434.0 140.0 446.0 138.0 0.0 0.0 464.0 138.0
440.0 146.0 458.0 172.0 432.0 178.0 396.0 188.0 356.0 194.0 482.0 166.0 526.0 172.0 516.0 174.0 450.0 292.0 444.0 372.0 490.0 442.0 484.0 290.0 484.0 374.0 492.0 356.0 434.0 140.0 446.0 138.0 0.0 0.0 464.0 138.0
438.0 148.0 456.0 170.0 432.0 176.0 396.0 188.0 356.0 194.0 482.0 166.0 518.0 176.0 484.0 184.0 448.0 284.0 440.0 368.0 482.0 444.0 482.0 286.0 454.0 372.0 492.0 444.0 432.0 142.0 446.0 138.0 0.0 0.0 462.0 140.0
438.0 148.0 456.0 170.0 432.0 176.0 396.0 188.0 356.0 194.0 482.0 166.0 518.0 176.0 484.0 184.0 448.0 284.0 440.0 368.0 482.0 444.0 482.0 286.0 454.0 372.0 492.0 444.0 432.0 142.0 446.0 138.0 0.0 0.0 462.0 140.0
436.0 148.0 456.0 170.0 430.0 176.0 396.0 188.0 368.0 194.0 480.0 166.0 502.0 182.0 456.0 188.0 448.0 284.0 440.0 366.0 482.0 444.0 482.0 286.0 444.0 368.0 492.0 444.0 430.0 144.0 442.0 140.0 0.0 0.0 460.0 140.0
436.0 148.0 456.0 170.0 430.0 174.0 396.0 188.0 370.0 194.0 480.0 164.0 502.0 182.0 456.0 188.0 448.0 282.0 440.0 366.0 482.0 444.0 480.0 284.0 444.0 368.0 492.0 444.0 430.0 144.0 442.0 140.0 0.0 0.0 460.0 140.0
436.0 148.0 454.0 170.0 430.0 174.0 392.0 188.0 370.0 194.0 480.0 166.0 502.0 184.0 456.0 190.0 448.0 282.0 440.0 366.0 482.0 444.0 480.0 284.0 444.0 368.0 492.0 444.0 430.0 144.0 442.0 140.0 0.0 0.0 460.0 140.0
432.0 150.0 454.0 170.0 430.0 174.0 392.0 188.0 400.0 192.0 478.0 166.0 488.0 184.0 448.0 190.0 448.0 280.0 434.0 366.0 482.0 444.0 478.0 282.0 422.0 356.0 492.0 444.0 426.0 144.0 438.0 140.0 412.0 152.0 456.0 140.0
432.0 150.0 454.0 170.0 430.0 174.0 392.0 188.0 400.0 192.0 478.0 166.0 488.0 184.0 448.0 190.0 448.0 280.0 432.0 366.0 482.0 444.0 478.0 282.0 420.0 356.0 492.0 444.0 426.0 144.0 438.0 140.0 409.0 152.0 456.0 140.0
428.0 152.0 452.0 170.0 428.0 174.0 400.0 192.0 400.0 192.0 476.0 166.0 466.0 186.0 420.0 196.0 446.0 280.0 432.0 362.0 482.0 442.0 476.0 282.0 404.0 346.0 490.0 444.0 422.0 144.0 436.0 142.0 406.0 152.0 454.0 142.0
428.0 152.0 452.0 170.0 428.0 174.0 400.0 192.0 400.0 192.0 476.0 166.0 466.0 186.0 418.0 196.0 446.0 280.0 432.0 360.0 482.0 442.0 474.0 282.0 404.0 346.0 488.0 444.0 422.0 144.0 436.0 142.0 406.0 152.0 454.0 142.0
426.0 152.0 452.0 174.0 428.0 174.0 400.0 192.0 396.0 198.0 476.0 172.0 464.0 208.0 418.0 202.0 446.0 280.0 430.0 360.0 482.0 442.0 468.0 282.0 388.0 346.0 438.0 434.0 420.0 146.0 432.0 144.0 406.0 152.0 450.0 144.0
426.0 152.0 452.0 174.0 428.0 174.0 400.0 192.0 396.0 198.0 476.0 172.0 464.0 208.0 418.0 202.0 446.0 280.0 428.0 368.0 482.0 442.0 468.0 282.0 386.0 346.0 436.0 430.0 420.0 146.0 432.0 144.0 406.0 151.0 450.0 144.0
426.0 152.0 452.0 174.0 428.0 174.0 400.0 192.0 394.0 198.0 476.0 172.0 464.0 208.0 418.0 204.0 446.0 280.0 428.0 368.0 482.0 442.0 468.0 282.0 386.0 346.0 436.0 430.0 420.0 146.0 432.0 144.0 406.0 150.0 450.0 144.0
424.0 154.0 448.0 176.0 426.0 174.0 400.0 192.0 394.0 198.0 470.0 172.0 464.0 208.0 444.0 244.0 444.0 280.0 426.0 370.0 486.0 442.0 454.0 282.0 386.0 346.0 406.0 430.0 418.0 148.0 430.0 146.0 405.0 150.0 448.0 146.0
424.0 154.0 448.0 176.0 424.0 176.0 400.0 192.0 394.0 200.0 470.0 172.0 468.0 208.0 444.0 244.0 444.0 280.0 426.0 372.0 486.0 444.0 452.0 280.0 386.0 346.0 400.0 434.0 418.0 148.0 430.0 146.0 406.0 150.0 446.0 146.0
420.0 154.0 436.0 176.0 416.0 180.0 386.0 204.0 390.0 210.0 454.0 172.0 470.0 210.0 460.0 250.0 436.0 276.0 426.0 372.0 486.0 444.0 452.0 278.0 386.0 352.0 356.0 444.0 414.0 148.0 428.0 146.0 406.0 150.0 442.0 146.0
420.0 154.0 436.0 176.0 416.0 180.0 386.0 204.0 390.0 210.0 454.0 176.0 470.0 216.0 460.0 250.0 436.0 276.0 426.0 374.0 486.0 444.0 452.0 278.0 386.0 352.0 356.0 444.0 414.0 148.0 428.0 146.0 406.0 150.0 442.0 148.0
420.0 154.0 436.0 176.0 416.0 180.0 386.0 204.0 390.0 210.0 454.0 176.0 470.0 216.0 460.0 250.0 436.0 276.0 426.0 374.0 486.0 444.0 452.0 278.0 386.0 352.0 356.0 448.0 414.0 148.0 428.0 146.0 406.0 150.0 442.0 148.0
416.0 154.0 428.0 180.0 410.0 182.0 382.0 206.0 386.0 216.0 444.0 176.0 470.0 216.0 486.0 266.0 430.0 276.0 424.0 376.0 486.0 444.0 452.0 278.0 386.0 370.0 326.0 448.0 410.0 146.0 424.0 146.0 404.0 150.0 438.0 150.0
416.0 154.0 428.0 180.0 410.0 182.0 382.0 206.0 386.0 216.0 444.0 176.0 470.0 216.0 486.0 266.0 430.0 276.0 424.0 376.0 486.0 444.0 450.0 278.0 386.0 370.0 326.0 448.0 410.0 146.0 424.0 146.0 404.0 150.0 438.0 150.0
412.0 152.0 422.0 182.0 404.0 182.0 378.0 206.0 384.0 218.0 440.0 182.0 468.0 226.0 496.0 276.0 422.0 278.0 420.0 380.0 486.0 444.0 446.0 280.0 380.0 370.0 324.0 448.0 406.0 146.0 420.0 146.0 398.0 150.0 434.0 150.0
412.0 152.0 422.0 182.0 404.0 182.0 378.0 206.0 384.0 218.0 438.0 182.0 468.0 226.0 496.0 276.0 422.0 278.0 420.0 380.0 486.0 444.0 446.0 280.0 380.0 370.0 324.0 448.0 406.0 146.0 420.0 146.0 398.0 150.0 434.0 150.0
408.0 152.0 414.0 182.0 398.0 178.0 372.0 204.0 378.0 218.0 430.0 182.0 458.0 228.0 496.0 282.0 416.0 278.0 416.0 380.0 480.0 440.0 432.0 280.0 372.0 374.0 324.0 450.0 402.0 144.0 416.0 146.0 394.0 148.0 428.0 150.0
408.0 152.0 414.0 182.0 398.0 178.0 372.0 204.0 378.0 218.0 430.0 182.0 458.0 228.0 496.0 282.0 416.0 278.0 416.0 380.0 480.0 440.0 432.0 280.0 370.0 374.0 320.0 450.0 402.0 144.0 416.0 146.0 394.0 148.0 428.0 150.0
408.0 152.0 414.0 182.0 398.0 178.0 372.0 204.0 378.0 218.0 430.0 182.0 458.0 228.0 496.0 282.0 414.0 278.0 416.0 380.0 480.0 440.0 432.0 280.0 370.0 374.0 320.0 450.0 402.0 144.0 416.0 146.0 394.0 148.0 428.0 150.0
404.0 150.0 406.0 178.0 392.0 174.0 368.0 200.0 372.0 220.0 422.0 182.0 450.0 228.0 494.0 288.0 406.0 278.0 408.0 380.0 476.0 438.0 422.0 280.0 360.0 374.0 320.0 452.0 398.0 142.0 412.0 144.0 388.0 144.0 424.0 148.0
404.0 150.0 406.0 178.0 392.0 174.0 368.0 200.0 372.0 220.0 422.0 182.0 450.0 228.0 494.0 288.0 406.0 278.0 408.0 380.0 476.0 438.0 422.0 280.0 360.0 374.0 320.0 452.0 398.0 142.0 412.0 144.0 388.0 144.0 424.0 148.0
400.0 146.0 400.0 174.0 384.0 166.0 360.0 196.0 364.0 220.0 416.0 180.0 446.0 228.0 486.0 290.0 396.0 278.0 398.0 380.0 464.0 432.0 414.0 280.0 354.0 374.0 318.0 454.0 394.0 138.0 408.0 140.0 384.0 140.0 420.0 146.0
400.0 146.0 400.0 174.0 384.0 166.0 360.0 196.0 364.0 220.0 416.0 180.0 446.0 228.0 484.0 290.0 396.0 278.0 398.0 378.0 464.0 432.0 414.0 280.0 354.0 372.0 318.0 456.0 394.0 138.0 408.0 140.0 384.0 140.0 420.0 146.0
400.0 146.0 400.0 174.0 384.0 166.0 360.0 196.0 364.0 220.0 416.0 180.0 444.0 228.0 484.0 290.0 396.0 272.0 398.0 378.0 464.0 432.0 414.0 274.0 354.0 372.0 318.0 456.0 394.0 138.0 408.0 140.0 384.0 140.0 420.0 146.0
398.0 142.0 394.0 170.0 374.0 160.0 354.0 194.0 356.0 226.0 410.0 178.0 444.0 228.0 472.0 290.0 382.0 272.0 386.0 376.0 448.0 432.0 400.0 274.0 352.0 364.0 318.0 456.0 392.0 134.0 406.0 138.0 380.0 136.0 416.0 142.0
398.0 142.0 394.0 170.0 374.0 160.0 354.0 194.0 356.0 226.0 410.0 178.0 444.0 228.0 472.0 290.0 382.0 272.0 386.0 376.0 448.0 432.0 400.0 274.0 352.0 364.0 318.0 456.0 392.0 134.0 406.0 138.0 380.0 136.0 416.0 142.0
394.0 140.0 388.0 168.0 366.0 158.0 346.0 194.0 348.0 230.0 410.0 178.0 438.0 230.0 458.0 290.0 366.0 270.0 364.0 364.0 426.0 424.0 398.0 274.0 350.0 360.0 318.0 456.0 388.0 132.0 402.0 134.0 376.0 132.0 412.0 140.0
394.0 140.0 388.0 168.0 366.0 158.0 346.0 194.0 348.0 230.0 410.0 178.0 438.0 230.0 458.0 292.0 366.0 270.0 364.0 362.0 426.0 424.0 398.0 274.0 350.0 360.0 318.0 456.0 388.0 132.0 402.0 134.0 376.0 132.0 412.0 140.0
390.0 136.0 384.0 168.0 358.0 154.0 336.0 194.0 338.0 234.0 408.0 178.0 432.0 234.0 440.0 292.0 354.0 264.0 344.0 360.0 408.0 422.0 386.0 270.0 342.0 360.0 318.0 458.0 384.0 128.0 400.0 130.0 372.0 130.0 408.0 136.0
390.0 136.0 384.0 168.0 358.0 154.0 334.0 194.0 338.0 234.0 408.0 178.0 432.0 234.0 440.0 292.0 354.0 264.0 344.0 360.0 408.0 422.0 386.0 270.0 342.0 360.0 316.0 458.0 384.0 128.0 398.0 130.0 372.0 130.0 408.0 136.0
390.0 136.0 384.0 168.0 358.0 154.0 334.0 194.0 338.0 234.0 408.0 178.0 432.0 234.0 440.0 294.0 354.0 264.0 344.0 360.0 408.0 422.0 386.0 270.0 342.0 360.0 316.0 458.0 384.0 128.0 398.0 130.0 372.0 130.0 408.0 136.0
388.0 136.0 378.0 168.0 350.0 154.0 326.0 196.0 328.0 234.0 406.0 178.0 424.0 234.0 426.0 294.0 344.0 264.0 328.0 360.0 384.0 418.0 380.0 270.0 340.0 360.0 316.0 458.0 382.0 126.0 396.0 130.0 368.0 128.0 404.0 136.0
388.0 136.0 378.0 168.0 350.0 154.0 326.0 196.0 328.0 236.0 406.0 178.0 422.0 234.0 426.0 294.0 342.0 264.0 328.0 360.0 384.0 418.0 380.0 270.0 340.0 360.0 316.0 458.0 382.0 126.0 396.0 130.0 368.0 128.0 404.0 136.0
384.0 134.0 372.0 170.0 340.0 154.0 314.0 200.0 318.0 242.0 404.0 184.0 412.0 250.0 408.0 300.0 334.0 270.0 324.0 364.0 360.0 418.0 374.0 280.0 334.0 364.0 314.0 458.0 378.0 126.0 392.0 130.0 364.0 128.0 402.0 134.0
384.0 134.0 372.0 170.0 340.0 154.0 314.0 200.0 318.0 242.0 404.0 184.0 412.0 250.0 408.0 300.0 334.0 270.0 324.0 364.0 360.0 418.0 374.0 282.0 334.0 364.0 314.0 458.0 378.0 126.0 392.0 130.0 364.0 128.0 402.0 134.0
384.0 134.0 372.0 170.0 340.0 154.0 314.0 200.0 318.0 244.0 404.0 184.0 412.0 250.0 408.0 300.0 334.0 272.0 322.0 366.0 360.0 418.0 374.0 282.0 334.0 364.0 314.0 458.0 378.0 126.0 392.0 130.0 364.0 128.0 402.0 134.0
382.0 134.0 366.0 170.0 334.0 154.0 306.0 200.0 308.0 244.0 400.0 184.0 408.0 252.0 394.0 300.0 324.0 272.0 304.0 370.0 336.0 418.0 368.0 284.0 332.0 366.0 314.0 458.0 376.0 126.0 390.0 128.0 362.0 126.0 398.0 134.0
382.0 134.0 366.0 170.0 334.0 154.0 306.0 200.0 308.0 244.0 400.0 184.0 408.0 252.0 392.0 300.0 324.0 276.0 304.0 372.0 336.0 418.0 366.0 286.0 330.0 376.0 312.0 458.0 376.0 126.0 390.0 128.0 362.0 126.0 398.0 134.0
382.0 134.0 366.0 170.0 334.0 154.0 306.0 200.0 308.0 242.0 400.0 184.0 408.0 252.0 392.0 300.0 322.0 276.0 304.0 372.0 336.0 418.0 366.0 288.0 330.0 378.0 312.0 458.0 376.0 126.0 390.0 128.0 362.0 126.0 398.0 134.0
378.0 134.0 362.0 170.0 326.0 154.0 296.0 200.0 298.0 242.0 396.0 184.0 402.0 252.0 386.0 298.0 320.0 278.0 298.0 372.0 314.0 438.0 366.0 288.0 328.0 378.0 312.0 456.0 372.0 124.0 386.0 126.0 358.0 126.0 394.0 132.0
376.0 134.0 356.0 170.0 320.0 154.0 286.0 198.0 292.0 244.0 392.0 184.0 394.0 248.0 378.0 298.0 312.0 282.0 296.0 372.0 290.0 448.0 356.0 294.0 328.0 378.0 306.0 452.0 370.0 124.0 384.0 126.0 354.0 126.0 392.0 132.0
376.0 134.0 356.0 170.0 320.0 154.0 286.0 198.0 292.0 244.0 392.0 184.0 394.0 248.0 378.0 298.0 312.0 282.0 294.0 374.0 290.0 448.0 356.0 294.0 328.0 378.0 306.0 452.0 370.0 124.0 384.0 126.0 354.0 126.0 392.0 132.0
372.0 134.0 352.0 172.0 316.0 158.0 278.0 198.0 284.0 244.0 388.0 186.0 388.0 248.0 374.0 296.0 304.0 284.0 288.0 374.0 276.0 448.0 352.0 294.0 328.0 380.0 300.0 452.0 364.0 124.0 380.0 126.0 350.0 126.0 388.0 132.0
372.0 134.0 352.0 172.0 316.0 158.0 276.0 198.0 284.0 244.0 388.0 186.0 388.0 246.0 374.0 296.0 304.0 284.0 288.0 374.0 276.0 448.0 352.0 294.0 328.0 380.0 300.0 452.0 364.0 124.0 380.0 126.0 350.0 126.0 388.0 132.0
372.0 134.0 352.0 172.0 316.0 158.0 276.0 198.0 284.0 244.0 388.0 186.0 388.0 246.0 374.0 296.0 304.0 284.0 288.0 374.0 276.0 448.0 352.0 294.0 328.0 380.0 300.0 452.0 364.0 124.0 380.0 126.0 350.0 126.0 388.0 132.0
368.0 134.0 348.0 174.0 314.0 160.0 266.0 198.0 278.0 246.0 384.0 186.0 388.0 248.0 372.0 292.0 302.0 288.0 288.0 374.0 266.0 448.0 352.0 296.0 334.0 380.0 296.0 448.0 362.0 126.0 376.0 128.0 346.0 128.0 384.0 134.0
368.0 134.0 348.0 174.0 312.0 160.0 266.0 198.0 278.0 246.0 384.0 186.0 388.0 248.0 372.0 292.0 302.0 288.0 288.0 374.0 266.0 448.0 352.0 296.0 334.0 380.0 296.0 448.0 362.0 126.0 376.0 128.0 346.0 128.0 384.0 134.0
368.0 134.0 348.0 174.0 312.0 160.0 266.0 198.0 278.0 246.0 384.0 186.0 388.0 246.0 372.0 292.0 302.0 288.0 288.0 374.0 266.0 448.0 352.0 296.0 334.0 380.0 296.0 448.0 362.0 126.0 376.0 128.0 346.0 128.0 384.0 134.0
366.0 134.0 348.0 174.0 312.0 162.0 256.0 200.0 278.0 250.0 384.0 186.0 388.0 246.0 372.0 286.0 300.0 292.0 282.0 374.0 256.0 448.0 346.0 300.0 334.0 380.0 288.0 448.0 358.0 126.0 374.0 128.0 342.0 128.0 380.0 134.0
366.0 134.0 348.0 174.0 312.0 162.0 256.0 200.0 278.0 250.0 384.0 186.0 388.0 246.0 372.0 286.0 300.0 292.0 282.0 374.0 256.0 448.0 346.0 300.0 334.0 380.0 288.0 448.0 358.0 126.0 374.0 128.0 342.0 128.0 380.0 134.0
366.0 130.0 346.0 174.0 312.0 162.0 254.0 202.0 278.0 252.0 384.0 184.0 392.0 240.0 372.0 268.0 300.0 292.0 282.0 376.0 248.0 448.0 346.0 300.0 334.0 380.0 278.0 448.0 356.0 122.0 372.0 124.0 338.0 126.0 378.0 132.0
366.0 130.0 346.0 174.0 312.0 162.0 254.0 202.0 278.0 252.0 384.0 184.0 392.0 240.0 372.0 268.0 300.0 292.0 282.0 376.0 248.0 448.0 346.0 300.0 332.0 380.0 278.0 448.0 356.0 122.0 372.0 124.0 338.0 126.0 378.0 132.0
364.0 128.0 346.0 170.0 310.0 160.0 254.0 204.0 284.0 252.0 384.0 178.0 398.0 232.0 372.0 250.0 302.0 290.0 286.0 376.0 242.0 442.0 346.0 298.0 324.0 382.0 272.0 454.0 356.0 120.0 370.0 122.0 338.0 124.0 376.0 128.0
364.0 128.0 346.0 170.0 310.0 160.0 254.0 204.0 284.0 252.0 384.0 178.0 398.0 232.0 372.0 250.0 302.0 290.0 286.0 376.0 242.0 442.0 346.0 296.0 324.0 382.0 272.0 454.0 356.0 120.0 370.0 122.0 338.0 124.0 376.0 128.0
364.0 128.0 346.0 170.0 310.0 160.0 254.0 204.0 284.0 252.0 384.0 178.0 398.0 232.0 372.0 250.0 302.0 290.0 286.0 376.0 242.0 442.0 348.0 296.0 324.0 382.0 272.0 454.0 356.0 120.0 370.0 122.0 338.0 124.0 376.0 128.0
364.0 128.0 346.0 168.0 310.0 160.0 256.0 208.0 292.0 252.0 384.0 174.0 400.0 230.0 372.0 226.0 308.0 290.0 300.0 380.0 242.0 428.0 352.0 296.0 320.0 384.0 270.0 454.0 356.0 120.0 370.0 122.0 336.0 122.0 376.0 126.0
364.0 128.0 346.0 168.0 310.0 160.0 256.0 208.0 292.0 252.0 384.0 174.0 400.0 230.0 372.0 226.0 308.0 290.0 300.0 380.0 242.0 428.0 352.0 298.0 320.0 384.0 268.0 454.0 356.0 120.0 370.0 122.0 336.0 122.0 376.0 126.0
364.0 128.0 348.0 168.0 312.0 162.0 262.0 212.0 302.0 244.0 384.0 174.0 402.0 230.0 374.0 210.0 314.0 290.0 308.0 380.0 246.0 422.0 352.0 298.0 320.0 384.0 266.0 456.0 356.0 120.0 370.0 120.0 336.0 122.0 376.0 128.0
364.0 128.0 348.0 168.0 312.0 162.0 262.0 212.0 302.0 242.0 384.0 174.0 402.0 230.0 374.0 210.0 314.0 290.0 308.0 380.0 246.0 422.0 352.0 296.0 320.0 384.0 266.0 458.0 356.0 120.0 370.0 120.0 336.0 122.0 376.0 128.0
364.0 128.0 348.0 168.0 312.0 162.0 262.0 214.0 302.0 242.0 384.0 172.0 402.0 230.0 374.0 210.0 314.0 290.0 308.0 380.0 246.0 422.0 352.0 296.0 320.0 384.0 266.0 458.0 356.0 120.0 370.0 120.0 336.0 122.0 376.0 128.0
366.0 126.0 348.0 168.0 312.0 162.0 270.0 218.0 318.0 240.0 384.0 170.0 404.0 230.0 378.0 196.0 314.0 286.0 328.0 376.0 260.0 422.0 352.0 292.0 336.0 376.0 266.0 458.0 358.0 118.0 370.0 120.0 336.0 122.0 376.0 128.0
366.0 126.0 348.0 168.0 312.0 162.0 270.0 218.0 320.0 240.0 384.0 170.0 404.0 230.0 378.0 196.0 314.0 286.0 328.0 376.0 260.0 422.0 352.0 290.0 336.0 376.0 266.0 456.0 358.0 118.0 370.0 120.0 336.0 122.0 376.0 127.0
368.0 126.0 348.0 168.0 312.0 164.0 280.0 222.0 332.0 236.0 384.0 168.0 404.0 230.0 384.0 192.0 318.0 286.0 350.0 372.0 282.0 426.0 356.0 290.0 336.0 368.0 266.0 456.0 360.0 118.0 374.0 120.0 338.0 120.0 376.0 126.0
368.0 126.0 348.0 168.0 312.0 164.0 280.0 222.0 332.0 236.0 384.0 168.0 404.0 230.0 384.0 192.0 318.0 286.0 350.0 372.0 282.0 426.0 356.0 290.0 336.0 368.0 266.0 456.0 360.0 118.0 374.0 120.0 338.0 120.0 376.0 126.0
370.0 126.0 348.0 166.0 312.0 164.0 294.0 230.0 352.0 232.0 386.0 166.0 402.0 228.0 392.0 192.0 324.0 286.0 350.0 372.0 282.0 442.0 360.0 288.0 336.0 368.0 266.0 456.0 362.0 118.0 376.0 118.0 340.0 120.0 376.0 126.0
370.0 126.0 348.0 166.0 312.0 164.0 294.0 230.0 352.0 232.0 386.0 166.0 402.0 228.0 392.0 192.0 324.0 286.0 366.0 370.0 314.0 442.0 360.0 288.0 336.0 368.0 288.0 456.0 362.0 118.0 376.0 118.0 340.0 120.0 0.0 0.0
370.0 126.0 348.0 166.0 312.0 164.0 294.0 230.0 352.0 232.0 386.0 166.0 402.0 228.0 392.0 192.0 324.0 286.0 366.0 370.0 314.0 442.0 360.0 288.0 336.0 368.0 288.0 456.0 362.0 118.0 376.0 118.0 340.0 120.0 0.0 0.0
374.0 124.0 350.0 166.0 316.0 166.0 306.0 234.0 364.0 228.0 386.0 164.0 402.0 228.0 402.0 198.0 330.0 286.0 366.0 370.0 314.0 450.0 366.0 288.0 376.0 368.0 340.0 462.0 366.0 116.0 378.0 118.0 342.0 118.0 0.0 0.0
374.0 124.0 350.0 164.0 316.0 166.0 306.0 236.0 364.0 228.0 388.0 164.0 402.0 228.0 402.0 200.0 332.0 286.0 326.0 376.0 270.0 450.0 366.0 284.0 378.0 368.0 342.0 464.0 366.0 116.0 378.0 118.0 342.0 118.0 0.0 0.0
378.0 122.0 352.0 164.0 318.0 166.0 314.0 236.0 370.0 224.0 388.0 164.0 404.0 226.0 412.0 204.0 334.0 280.0 326.0 378.0 270.0 450.0 372.0 280.0 378.0 372.0 342.0 464.0 370.0 114.0 382.0 116.0 344.0 116.0 0.0 0.0
378.0 122.0 354.0 164.0 318.0 166.0 314.0 236.0 370.0 224.0 388.0 164.0 404.0 226.0 412.0 206.0 334.0 280.0 326.0 380.0 270.0 454.0 372.0 280.0 378.0 372.0 342.0 464.0 370.0 114.0 382.0 116.0 344.0 116.0 0.0 0.0
378.0 122.0 354.0 164.0 318.0 166.0 314.0 236.0 370.0 224.0 388.0 164.0 404.0 218.0 414.0 206.0 334.0 280.0 372.0 380.0 340.0 462.0 372.0 280.0 376.0 372.0 342.0 464.0 370.0 114.0 382.0 116.0 344.0 116.0 0.0 0.0
382.0 122.0 358.0 162.0 322.0 166.0 320.0 236.0 378.0 224.0 396.0 158.0 410.0 218.0 414.0 244.0 346.0 280.0 378.0 384.0 368.0 484.0 382.0 280.0 374.0 380.0 298.0 444.0 374.0 114.0 384.0 116.0 348.0 114.0 0.0 0.0
382.0 122.0 358.0 162.0 324.0 166.0 320.0 236.0 378.0 224.0 396.0 158.0 410.0 218.0 414.0 244.0 346.0 280.0 378.0 386.0 368.0 484.0 382.0 280.0 374.0 380.0 298.0 444.0 374.0 114.0 384.0 116.0 348.0 114.0 0.0 0.0
384.0 122.0 360.0 162.0 328.0 166.0 326.0 236.0 380.0 228.0 396.0 158.0 412.0 220.0 414.0 270.0 350.0 284.0 378.0 388.0 368.0 484.0 386.0 280.0 374.0 384.0 298.0 438.0 378.0 114.0 388.0 116.0 352.0 114.0 0.0 0.0
384.0 122.0 360.0 162.0 328.0 166.0 326.0 236.0 380.0 228.0 396.0 158.0 414.0 220.0 414.0 272.0 350.0 284.0 378.0 388.0 368.0 484.0 386.0 280.0 374.0 384.0 298.0 438.0 378.0 114.0 388.0 116.0 352.0 114.0 0.0 0.0
390.0 124.0 364.0 162.0 330.0 166.0 330.0 234.0 394.0 236.0 400.0 158.0 414.0 220.0 422.0 278.0 354.0 288.0 378.0 388.0 368.0 484.0 396.0 286.0 394.0 382.0 328.0 438.0 382.0 116.0 392.0 118.0 356.0 114.0 0.0 0.0
390.0 124.0 364.0 162.0 330.0 166.0 330.0 234.0 394.0 236.0 400.0 158.0 418.0 220.0 422.0 278.0 354.0 288.0 380.0 388.0 368.0 484.0 396.0 286.0 394.0 380.0 328.0 438.0 382.0 116.0 392.0 118.0 356.0 114.0 0.0 0.0
390.0 124.0 364.0 162.0 330.0 166.0 330.0 234.0 394.0 236.0 400.0 158.0 418.0 220.0 422.0 278.0 354.0 288.0 380.0 388.0 368.0 484.0 396.0 286.0 394.0 380.0 328.0 438.0 382.0 116.0 392.0 118.0 356.0 114.0 0.0 0.0
394.0 124.0 368.0 162.0 332.0 166.0 338.0 234.0 394.0 254.0 406.0 158.0 418.0 224.0 432.0 282.0 358.0 288.0 384.0 388.0 368.0 484.0 402.0 286.0 416.0 378.0 358.0 440.0 388.0 116.0 396.0 118.0 362.0 114.0 0.0 0.0
394.0 124.0 368.0 162.0 332.0 166.0 338.0 234.0 394.0 254.0 406.0 158.0 418.0 224.0 432.0 282.0 358.0 288.0 384.0 388.0 368.0 484.0 402.0 286.0 416.0 378.0 360.0 440.0 388.0 116.0 396.0 118.0 362.0 114.0 0.0 0.0
400.0 124.0 374.0 162.0 336.0 164.0 342.0 234.0 386.0 274.0 414.0 158.0 422.0 224.0 440.0 282.0 370.0 292.0 388.0 392.0 368.0 484.0 412.0 286.0 430.0 378.0 380.0 458.0 394.0 114.0 402.0 116.0 368.0 112.0 0.0 0.0
400.0 124.0 374.0 162.0 336.0 164.0 342.0 234.0 386.0 274.0 414.0 158.0 424.0 224.0 440.0 282.0 370.0 292.0 388.0 392.0 368.0 484.0 412.0 288.0 430.0 378.0 380.0 460.0 394.0 114.0 402.0 116.0 368.0 112.0 0.0 0.0
400.0 124.0 374.0 162.0 336.0 164.0 342.0 234.0 386.0 274.0 414.0 158.0 424.0 224.0 440.0 282.0 370.0 292.0 388.0 392.0 368.0 484.0 412.0 288.0 430.0 378.0 382.0 460.0 394.0 114.0 402.0 116.0 368.0 112.0 0.0 0.0
408.0 124.0 380.0 162.0 344.0 162.0 342.0 234.0 360.0 290.0 418.0 160.0 430.0 222.0 454.0 278.0 372.0 294.0 390.0 392.0 370.0 484.0 414.0 292.0 442.0 378.0 422.0 470.0 402.0 114.0 402.0 116.0 378.0 112.0 0.0 0.0
408.0 124.0 380.0 162.0 344.0 162.0 342.0 234.0 360.0 290.0 420.0 160.0 430.0 222.0 454.0 278.0 372.0 294.0 390.0 392.0 370.0 484.0 414.0 292.0 442.0 378.0 422.0 470.0 402.0 114.0 402.0 116.0 378.0 112.0 0.0 0.0
420.0 126.0 386.0 162.0 350.0 162.0 334.0 232.0 320.0 290.0 422.0 162.0 436.0 222.0 464.0 264.0 374.0 298.0 400.0 398.0 372.0 484.0 418.0 294.0 450.0 376.0 456.0 472.0 414.0 118.0 402.0 116.0 388.0 114.0 0.0 0.0
420.0 126.0 386.0 162.0 350.0 162.0 332.0 232.0 320.0 290.0 422.0 162.0 436.0 222.0 464.0 264.0 374.0 298.0 400.0 398.0 372.0 484.0 418.0 294.0 450.0 376.0 456.0 472.0 414.0 118.0 402.0 116.0 388.0 114.0 0.0 0.0
430.0 132.0 392.0 166.0 360.0 162.0 318.0 222.0 280.0 276.0 424.0 168.0 436.0 224.0 474.0 246.0 378.0 306.0 408.0 398.0 374.0 484.0 420.0 300.0 454.0 376.0 486.0 472.0 426.0 122.0 402.0 116.0 400.0 120.0 0.0 0.0
430.0 132.0 392.0 166.0 360.0 162.0 318.0 222.0 280.0 276.0 424.0 168.0 436.0 224.0 474.0 246.0 378.0 308.0 408.0 398.0 374.0 484.0 420.0 300.0 454.0 376.0 486.0 472.0 426.0 124.0 402.0 116.0 400.0 120.0 0.0 0.0
430.0 132.0 392.0 166.0 360.0 162.0 318.0 222.0 280.0 276.0 424.0 168.0 436.0 224.0 474.0 246.0 378.0 308.0 408.0 398.0 374.0 484.0 420.0 300.0 454.0 376.0 486.0 472.0 426.0 124.0 406.0 116.0 400.0 120.0 0.0 0.0
446.0 142.0 398.0 174.0 368.0 170.0 318.0 220.0 264.0 244.0 424.0 176.0 430.0 224.0 474.0 218.0 380.0 308.0 414.0 400.0 380.0 484.0 420.0 302.0 466.0 380.0 504.0 472.0 440.0 132.0 410.0 116.0 414.0 132.0 0.0 0.0
446.0 142.0 398.0 174.0 368.0 170.0 318.0 216.0 264.0 244.0 424.0 176.0 430.0 224.0 474.0 218.0 380.0 310.0 414.0 400.0 380.0 484.0 420.0 302.0 466.0 380.0 504.0 472.0 440.0 132.0 410.0 116.0 414.0 132.0 0.0 0.0
452.0 152.0 402.0 184.0 376.0 178.0 322.0 216.0 264.0 186.0 424.0 180.0 430.0 212.0 474.0 214.0 380.0 316.0 416.0 402.0 384.0 484.0 420.0 310.0 480.0 400.0 520.0 472.0 446.0 142.0 410.0 116.0 424.0 136.0 0.0 0.0
452.0 152.0 402.0 184.0 378.0 178.0 322.0 214.0 264.0 186.0 426.0 180.0 430.0 212.0 474.0 214.0 380.0 316.0 416.0 402.0 384.0 484.0 424.0 310.0 480.0 400.0 520.0 472.0 446.0 142.0 0.0 0.0 424.0 136.0 0.0 0.0
452.0 154.0 404.0 184.0 382.0 178.0 326.0 214.0 264.0 186.0 426.0 182.0 430.0 212.0 466.0 202.0 382.0 316.0 416.0 406.0 384.0 484.0 424.0 310.0 480.0 400.0 520.0 472.0 448.0 142.0 0.0 0.0 424.0 136.0 0.0 0.0
454.0 154.0 404.0 184.0 382.0 178.0 326.0 196.0 280.0 186.0 426.0 186.0 430.0 212.0 466.0 202.0 382.0 316.0 416.0 406.0 384.0 484.0 426.0 310.0 480.0 400.0 526.0 472.0 450.0 144.0 0.0 0.0 424.0 136.0 0.0 0.0
454.0 154.0 404.0 184.0 382.0 178.0 326.0 196.0 280.0 186.0 426.0 186.0 430.0 214.0 466.0 202.0 382.0 316.0 416.0 406.0 384.0 484.0 426.0 310.0 480.0 400.0 526.0 472.0 450.0 144.0 0.0 0.0 424.0 136.0 0.0 0.0
454.0 154.0 404.0 182.0 378.0 176.0 322.0 196.0 280.0 196.0 428.0 186.0 428.0 252.0 466.0 202.0 382.0 312.0 414.0 400.0 384.0 484.0 426.0 306.0 470.0 384.0 512.0 472.0 448.0 138.0 0.0 0.0 424.0 136.0 0.0 0.0
454.0 154.0 404.0 182.0 376.0 176.0 322.0 196.0 280.0 196.0 428.0 186.0 428.0 252.0 466.0 202.0 382.0 314.0 414.0 402.0 384.0 484.0 426.0 310.0 476.0 394.0 520.0 472.0 448.0 142.0 0.0 0.0 424.0 142.0 0.0 0.0
454.0 146.0 408.0 180.0 378.0 172.0 316.0 204.0 276.0 240.0 438.0 186.0 428.0 252.0 456.0 202.0 382.0 312.0 414.0 398.0 384.0 484.0 430.0 306.0 470.0 384.0 512.0 472.0 448.0 138.0 0.0 0.0 424.0 136.0 0.0 0.0
454.0 146.0 408.0 178.0 378.0 172.0 316.0 206.0 276.0 240.0 438.0 186.0 428.0 252.0 468.0 282.0 382.0 310.0 412.0 398.0 384.0 484.0 430.0 304.0 470.0 382.0 512.0 474.0 448.0 138.0 0.0 0.0 424.0 136.0 0.0 0.0
454.0 146.0 408.0 178.0 378.0 172.0 316.0 206.0 276.0 242.0 438.0 184.0 428.0 252.0 468.0 284.0 382.0 310.0 412.0 396.0 384.0 484.0 430.0 304.0 470.0 382.0 512.0 474.0 448.0 138.0 0.0 0.0 424.0 136.0 0.0 0.0
454.0 138.0 410.0 172.0 378.0 166.0 316.0 210.0 276.0 264.0 442.0 176.0 446.0 236.0 456.0 280.0 388.0 306.0 414.0 394.0 384.0 482.0 432.0 298.0 466.0 378.0 496.0 476.0 448.0 128.0 0.0 0.0 424.0 126.0 0.0 0.0
454.0 138.0 410.0 172.0 378.0 166.0 316.0 210.0 276.0 264.0 442.0 176.0 448.0 236.0 468.0 284.0 388.0 304.0 414.0 394.0 384.0 482.0 432.0 298.0 466.0 378.0 496.0 476.0 448.0 128.0 0.0 0.0 424.0 126.0 0.0 0.0
454.0 130.0 414.0 166.0 384.0 160.0 326.0 216.0 290.0 270.0 446.0 170.0 446.0 232.0 456.0 280.0 392.0 298.0 420.0 382.0 384.0 478.0 436.0 292.0 460.0 376.0 474.0 480.0 448.0 120.0 0.0 0.0 424.0 118.0 0.0 0.0
